windowNumber,session,lowCutoff,highCutoff,error,polarHR,calculatedHR
1,adaptation,5,35,2.3031002638522438,84.625,82.32189973614776
2,adaptation,5,30,0.4340128755364816,84.125,83.69098712446352
3,adaptation,5,15,7.521844660194176,83.25,75.72815533980582
4,adaptation,5,15,11.215909090909093,82.125,70.9090909090909
5,adaptation,5,20,9.71590909090908,80.625,70.90909090909092
6,adaptation,5,15,5.375,78.5,73.125
7,adaptation,5,15,0.6524390243902474,76.75,76.09756097560975
8,adaptation,5,20,0.7643756845563985,76.125,76.8893756845564
9,adaptation,5,15,0.06866197183099132,76.125,76.05633802816901
10,adaptation,5,40,1.7735122210414573,76.375,74.60148777895854
11,adaptation,5,35,0.15350162866450034,76.375,76.2214983713355
12,adaptation,5,15,0.012377584330792502,76.375,76.38737758433079
13,adaptation,5,20,1.016129032258064,76.5,75.48387096774194
14,adaptation,5,35,3.4180327868852345,76.5,79.91803278688523
15,adaptation,5,35,3.945366132723123,76.375,80.32036613272312
16,adaptation,5,30,2.116134751773032,75.875,73.75886524822697
17,adaptation,5,25,1.3163507109004797,75.25,73.93364928909952
18,adaptation,5,35,1.6355633802817096,74.875,73.23943661971829
19,adaptation,5,20,2.9191777323799926,74.625,71.70582226762001
20,adaptation,5,15,0.052615933412610616,74.25,74.19738406658739
21,adaptation,5,15,0.6940376569037596,74.125,73.43096234309624
22,adaptation,5,15,0.021352313167255943,74.0,74.02135231316726
23,adaptation,5,15,0.4150943396226552,74.0,73.58490566037734
24,adaptation,5,40,0.035714285714291805,74.25,74.28571428571429
25,adaptation,5,25,0.6951438848920901,74.125,74.82014388489209
26,adaptation,5,15,1.646551724137936,74.0,75.64655172413794
27,adaptation,5,40,3.923719376391986,74.25,78.17371937639199
28,adaptation,5,40,2.200098814229264,74.875,77.07509881422926
29,adaptation,5,25,0.10315533980582359,75.625,75.72815533980582
30,adaptation,5,20,4.608208955223887,76.25,71.64179104477611
31,adaptation,5,15,2.9723382045929014,76.25,73.2776617954071
32,adaptation,5,15,0.0701701093560132,75.75,75.82017010935601
33,adaptation,5,30,0.04655380894800487,75.5,75.453446191052
34,adaptation,5,35,3.1231836195508578,75.25,72.12681638044914
35,adaptation,5,15,2.7293388429751957,75.25,72.5206611570248
36,adaptation,5,15,0.5730286738351253,75.125,74.55197132616487
37,adaptation,5,25,2.0670468557336648,74.875,76.94204685573366
38,adaptation,5,25,3.6290322580645125,75.0,78.62903225806451
39,adaptation,5,20,2.375,75.5,73.125
40,adaptation,5,40,5.86618683901294,76.625,82.49118683901294
41,adaptation,5,20,2.5373711340206313,77.875,80.41237113402063
42,adaptation,5,25,0.1888489208633075,78.75,78.56115107913669
43,adaptation,5,20,5.617146596858632,79.125,73.50785340314137
44,adaptation,5,15,4.306733828207854,78.75,74.44326617179215
45,adaptation,5,30,1.8516081871345023,77.875,76.0233918128655
46,adaptation,5,15,4.0,77.125,73.125
47,adaptation,5,15,3.25,76.375,73.125
48,adaptation,5,15,0.26612903225806406,75.75,75.48387096774194
49,adaptation,5,30,0.9293478260869534,75.375,76.30434782608695
50,adaptation,5,20,0.2874087591240766,75.625,75.91240875912408
51,adaptation,5,30,5.298387096774192,75.75,70.45161290322581
52,adaptation,5,15,4.554384965831446,75.625,71.07061503416855
53,adaptation,5,25,2.2278037383177605,75.125,72.89719626168224
54,adaptation,5,15,0.7900943396226552,74.375,73.58490566037734
55,adaptation,5,20,0.4150943396226552,74.0,73.58490566037734
56,adaptation,5,20,0.4440376569037596,73.875,73.43096234309624
57,adaptation,5,35,2.5123775843307925,73.875,76.38737758433079
58,adaptation,5,25,5.286764705882348,74.125,79.41176470588235
59,adaptation,5,25,5.294117647058826,75.0,80.29411764705883
60,adaptation,5,30,1.10288065843622,76.0,74.89711934156378
61,adaptation,5,20,2.7325056433408577,76.5,79.23250564334086
62,adaptation,5,15,3.6791795665634623,76.125,72.44582043343654
63,adaptation,5,15,0.11231884057970376,75.25,75.3623188405797
64,adaptation,5,35,0.14851222104144313,74.75,74.60148777895856
65,adaptation,5,15,0.1027070063694282,74.625,74.52229299363057
66,adaptation,5,15,0.8855042016806607,74.625,73.73949579831934
67,adaptation,5,15,0.07302867383512535,74.625,74.55197132616487
68,adaptation,5,15,1.4313380281689945,74.625,76.056338028169
69,adaptation,5,15,0.9349352051835922,74.875,75.80993520518359
70,adaptation,5,30,0.3400360144057686,75.25,74.90996398559423
71,adaptation,5,35,0.8588516746411443,75.5,74.64114832535886
72,adaptation,5,20,0.6444610778443121,75.375,74.73053892215569
73,adaptation,5,15,0.20504268943436443,75.125,74.91995731056564
74,adaptation,5,15,1.798748696558917,75.0,73.20125130344108
75,adaptation,5,20,1.3671465968586318,74.875,73.50785340314137
76,adaptation,5,15,0.5743670886076018,74.625,74.0506329113924
77,adaptation,5,30,0.23053892215567373,74.5,74.73053892215567
78,adaptation,5,15,0.16781183932346266,74.375,74.20718816067654
79,adaptation,5,25,0.25074493444577683,74.625,74.37425506555422
80,adaptation,5,15,1.1650943396226552,74.75,73.58490566037734
81,adaptation,5,15,0.023512221041457337,74.625,74.60148777895854
82,adaptation,5,15,1.3063380281690087,74.75,76.05633802816901
83,adaptation,5,20,0.8531553398058236,74.875,75.72815533980582
84,adaptation,5,25,0.846184419713822,75.25,74.40381558028618
85,adaptation,5,15,2.5534232365145186,75.375,72.82157676348548
86,adaptation,5,15,1.3079652996845397,75.125,73.81703470031546
87,adaptation,5,25,0.7338709677419359,74.75,75.48387096774194
88,adaptation,5,35,2.7277227722772324,74.5,77.22772277227723
89,adaptation,5,15,2.267857142857139,74.875,77.14285714285714
90,adaptation,5,15,0.8873775843307925,75.5,76.38737758433079
91,adaptation,5,25,0.23863636363637397,75.875,75.63636363636363
92,adaptation,5,35,1.2150360144057686,76.125,74.90996398559423
93,adaptation,5,15,0.09649837133551387,76.125,76.22149837133551
94,adaptation,5,15,0.3873775843307925,76.0,76.38737758433079
95,adaptation,5,15,1.358443708609272,76.125,77.48344370860927
96,adaptation,5,15,0.598684210526315,76.375,76.97368421052632
97,adaptation,5,20,0.22229064039409252,76.625,76.84729064039409
98,adaptation,5,35,0.21652334152334163,76.875,76.65847665847666
99,adaptation,5,20,1.190064794816422,77.0,75.80993520518358
100,adaptation,5,25,0.4041598694943076,76.75,76.34584013050569
101,adaptation,5,40,0.4345238095238102,76.625,76.19047619047619
102,adaptation,5,35,0.34868421052632925,76.625,76.97368421052633
103,adaptation,5,15,0.34868421052631504,76.625,76.97368421052632
104,adaptation,5,15,0.12223247232472545,76.875,76.75276752767527
105,adaptation,5,35,0.529411764705884,77.0,76.47058823529412
106,adaptation,5,25,2.1146166134185336,76.875,74.76038338658147
107,adaptation,5,15,2.8079652996845397,76.625,73.81703470031546
108,adaptation,5,15,2.8767667844523004,76.375,73.4982332155477
109,adaptation,5,35,1.853647686832744,75.875,74.02135231316726
110,adaptation,5,15,1.3026159334126106,75.5,74.19738406658739
111,adaptation,5,35,0.8067338282078396,75.25,74.44326617179216
112,adaptation,5,15,0.7142857142857082,75.0,74.28571428571429
113,adaptation,5,15,1.0273972602739576,75.0,73.97260273972604
114,adaptation,5,15,0.8026159334126106,75.0,74.19738406658739
115,adaptation,5,20,0.5892857142857224,74.875,74.28571428571428
116,adaptation,5,20,0.48731884057970376,74.875,75.3623188405797
117,adaptation,5,40,0.6678118393234627,74.875,74.20718816067654
118,adaptation,5,25,0.022119341563779926,74.875,74.89711934156378
119,adaptation,5,20,1.5207680250783824,74.875,73.35423197492162
120,adaptation,5,30,0.2500000000000142,74.75,75.00000000000001
121,adaptation,5,20,0.7686721991701262,74.75,75.51867219917013
122,adaptation,5,25,1.8893756845563985,75.0,76.8893756845564
123,adaptation,5,25,0.5990259740259773,75.375,75.97402597402598
124,adaptation,5,30,1.38226205191593,75.75,77.13226205191593
125,adaptation,5,30,2.4644206549118337,76.125,78.58942065491183
126,adaptation,5,15,0.9048672566371607,76.75,77.65486725663716
127,adaptation,5,40,0.08711048158639301,77.25,77.3371104815864
128,adaptation,5,15,5.00386597938143,77.375,72.37113402061857
129,adaptation,5,15,3.5017667844523004,77.0,73.4982332155477
130,adaptation,5,25,1.069277108433738,76.25,75.18072289156626
131,adaptation,5,35,1.733443708609272,75.75,77.48344370860927
132,adaptation,5,15,0.05993520518359219,75.75,75.80993520518359
133,adaptation,5,35,2.4662162162162105,76.25,73.78378378378379
134,adaptation,5,15,3.4888059701492438,76.25,72.76119402985076
135,adaptation,5,35,4.840909090909079,75.75,70.90909090909092
136,adaptation,5,15,0.19688841201715945,75.125,75.32188841201716
137,adaptation,5,25,4.037878787878782,74.75,78.78787878787878
138,adaptation,5,40,2.6158637873754174,75.125,77.74086378737542
139,adaptation,5,15,0.9644004282655203,76.125,75.16059957173448
140,adaptation,5,20,4.4027777777777715,76.625,72.22222222222223
141,adaptation,5,15,3.860208816705338,76.25,72.38979118329466
142,adaptation,5,15,1.6693548387096797,75.75,77.41935483870968
143,adaptation,5,15,2.563253012048179,75.75,78.31325301204818
144,adaptation,5,15,0.4831081081080981,76.375,75.8918918918919
145,adaptation,5,40,6.4911060802069755,77.125,70.63389391979302
146,adaptation,5,15,6.659318637274552,77.0,70.34068136272545
147,adaptation,5,35,2.989079563182514,76.0,73.01092043681749
148,baseline,5,25,1.2995005875440597,74.625,73.32549941245594
149,baseline,5,20,0.6161347517730462,74.375,73.75886524822695
150,baseline,5,15,0.4023972602739718,74.375,73.97260273972603
151,baseline,5,20,0.46621621621621046,74.25,73.78378378378379
152,baseline,5,15,1.2010926118626486,74.25,73.04890738813735
153,baseline,5,35,0.7379032258064626,74.125,73.38709677419354
154,baseline,5,25,0.05796529968453967,73.875,73.81703470031546
155,baseline,5,35,1.3623188405797038,74.0,75.3623188405797
156,baseline,5,15,1.7240259740259773,74.25,75.97402597402598
157,baseline,5,35,1.533618581907092,74.75,76.28361858190709
158,baseline,5,15,0.6849352051835922,75.125,75.80993520518359
159,baseline,5,30,0.02141133896260783,75.25,75.27141133896261
160,baseline,5,20,0.5563380281690087,75.5,76.05633802816901
161,baseline,5,35,1.4120370370370239,75.625,77.03703703703702
162,baseline,5,20,1.6158637873754174,76.125,77.74086378737542
163,baseline,5,20,0.47772277227723237,76.75,77.22772277227723
164,baseline,5,40,1.6896551724137936,77.0,75.3103448275862
165,baseline,5,25,4.147727272727266,76.875,72.72727272727273
166,baseline,5,15,4.360599078341011,76.25,71.88940092165899
167,baseline,5,20,3.4027777777777715,75.625,72.22222222222223
168,baseline,5,25,2.8433377308707293,74.875,72.03166226912927
169,baseline,5,20,2.4026816608996597,74.375,71.97231833910034
170,baseline,5,15,3.0463961407491524,73.875,70.82860385925085
171,baseline,5,30,1.6272996057818574,73.375,71.74770039421814
172,baseline,5,35,0.22780373831776046,73.125,72.89719626168224
173,baseline,5,20,0.3732332155476996,73.125,73.4982332155477
174,baseline,5,30,0.5961538461538396,73.25,73.84615384615384
175,baseline,5,30,1.2603833865814664,73.5,74.76038338658147
176,baseline,5,35,0.06703470031544612,73.75,73.81703470031545
177,baseline,5,30,0.415094339622641,74.0,73.58490566037736
178,baseline,5,15,2.6857142857142833,74.0,71.31428571428572
179,baseline,5,15,3.669843049327355,73.625,69.95515695067265
180,baseline,5,25,2.2963961407491524,73.125,70.82860385925085
181,baseline,5,15,0.0206611570247901,72.5,72.52066115702479
182,baseline,5,15,0.1612754158964691,72.25,72.08872458410353
183,baseline,5,30,2.147292993630572,72.375,74.52229299363057
184,baseline,5,20,2.4468884120171595,72.875,75.32188841201716
185,baseline,5,35,2.078446191051995,73.375,75.453446191052
186,baseline,5,20,3.0098730606488004,74.0,77.0098730606488
187,baseline,5,25,2.736940298507463,74.875,77.61194029850746
188,baseline,5,15,1.858443708609272,75.625,77.48344370860927
189,baseline,5,15,3.428423236514533,76.25,72.82157676348547
190,baseline,5,30,6.868618201997776,76.125,69.25638179800222
191,baseline,5,30,6.451764057331857,75.25,68.79823594266814
192,baseline,5,15,5.2775330396475795,74.0,68.72246696035242
193,baseline,5,15,3.232142857142861,72.875,69.64285714285714
194,baseline,5,40,1.9663299663299654,72.0,70.03367003367003
195,baseline,5,15,2.2436182019977764,71.5,69.25638179800222
196,baseline,5,25,0.029373368146210055,71.25,71.27937336814621
197,baseline,5,15,0.1078767123287605,71.125,71.23287671232876
198,baseline,5,30,1.778575615474793,71.375,73.1535756154748
199,baseline,5,15,0.9772727272727337,71.75,72.72727272727273
200,baseline,5,20,1.0,72.125,73.125
201,baseline,5,15,0.43713535589265007,72.375,72.81213535589265
202,baseline,5,20,0.5933377308707009,72.625,72.0316622691293
203,baseline,5,15,0.05813953488372192,72.5,72.55813953488372
204,baseline,5,25,0.19409038238703147,72.5,72.30590961761297
205,baseline,5,35,1.037119622245541,72.625,73.66211962224554
206,baseline,5,15,2.4105995717344797,72.75,75.16059957173448
207,baseline,5,40,1.480538922155688,73.25,74.73053892215569
208,baseline,5,15,1.0103833865814664,73.75,74.76038338658147
209,baseline,5,15,0.24925506555422317,74.125,74.37425506555422
210,baseline,5,20,0.22648777895854266,74.375,74.60148777895854
211,baseline,5,20,0.29495731056563557,74.625,74.91995731056564
212,baseline,5,20,0.855815831987087,74.75,75.60581583198709
213,baseline,5,20,0.3646166134185336,75.125,74.76038338658147
214,baseline,5,15,0.15279269602578438,75.25,75.40279269602578
215,baseline,5,40,1.1407363420427572,75.25,74.10926365795724
216,baseline,5,35,0.3528806584362201,75.25,74.89711934156378
217,baseline,5,25,0.7142857142857224,75.0,74.28571428571428
218,baseline,5,40,0.44802867383512535,75.0,74.55197132616487
219,baseline,5,30,1.2411347517730604,75.0,73.75886524822694
220,baseline,5,15,2.06286464410735,74.875,72.81213535589265
221,baseline,5,40,3.283536585365866,74.625,71.34146341463413
222,baseline,5,15,1.735208816705338,74.125,72.38979118329466
223,baseline,5,15,2.141891891891902,73.75,75.8918918918919
224,baseline,5,15,2.8052516411378576,74.0,76.80525164113786
225,baseline,5,15,1.1031553398058236,74.625,75.72815533980582
226,baseline,5,40,0.4838516746411443,75.125,74.64114832535886
227,baseline,5,15,5.079681274900409,75.0,69.92031872509959
228,baseline,5,20,3.7068233295583184,74.375,70.66817667044168
229,baseline,5,20,1.6933256616800918,73.5,71.80667433831991
230,baseline,5,15,0.048907388137351404,73.0,73.04890738813735
231,baseline,5,15,1.5223367697594483,73.0,71.47766323024055
232,baseline,5,15,0.8520041109969156,73.0,72.14799588900308
233,baseline,5,40,0.5261324041811832,73.0,72.47386759581882
234,TP_baseline_to_tsst-prep,5,35,4.147727272727266,75.625,79.77272727272727
235,TP_baseline_to_tsst-prep,5,35,3.045610034207513,77.0,80.04561003420751
236,TP_baseline_to_tsst-prep,5,15,2.6203560371516943,77.875,80.4953560371517
237,TP_baseline_to_tsst-prep,5,30,1.8203661327231089,78.5,80.32036613272311
238,TP_baseline_to_tsst-prep,5,15,1.5646551724137936,79.125,80.6896551724138
239,TP_baseline_to_tsst-prep,5,35,1.4540155440414395,79.375,80.82901554404144
240,TP_baseline_to_tsst-prep,5,30,0.8999261447562645,79.75,80.64992614475626
241,TP_baseline_to_tsst-prep,5,35,3.3168221734357815,80.375,77.05817782656422
242,TP_baseline_to_tsst-prep,5,25,0.04027632950989357,81.375,81.3347236704901
243,TP_baseline_to_tsst-prep,5,15,8.732373519913864,83.625,92.35737351991386
244,TP_baseline_to_tsst-prep,5,35,6.133064516129011,86.125,92.25806451612901
245,TP_baseline_to_tsst-prep,5,15,1.1249999999999858,88.25,89.37499999999999
246,TP_baseline_to_tsst-prep,5,20,1.5,89.5,88.0
247,TP_baseline_to_tsst-prep,5,15,1.823979591836732,89.375,87.55102040816327
248,TP_baseline_to_tsst-prep,5,25,0.561586638830903,89.0,89.5615866388309
249,TP_baseline_to_tsst-prep,5,20,1.8411749745676502,89.125,87.28382502543235
250,TP_baseline_to_tsst-prep,5,25,8.065751445086732,91.125,99.19075144508673
251,TP_baseline_to_tsst-prep,5,15,7.4200819672131075,94.875,102.29508196721311
252,TP_baseline_to_tsst-prep,5,20,3.7282064128256565,97.875,101.60320641282566
253,TP_baseline_to_tsst-prep,5,30,3.114259028642593,100.25,97.13574097135741
254,TP_baseline_to_tsst-prep,5,15,6.679960119641052,100.0,93.32003988035895
255,TP_baseline_to_tsst-prep,5,15,4.667253521126767,97.625,92.95774647887323
256,TP_baseline_to_tsst-prep,5,15,0.044372900335943655,96.125,96.08062709966406
257,tsst-prep,5,40,1.741344195519332,105.0,103.25865580448067
258,tsst-prep,5,25,4.1343159065628186,108.25,104.11568409343718
259,tsst-prep,5,30,0.6761551155115484,110.875,111.55115511551155
260,tsst-prep,5,30,0.7638888888889142,111.875,111.11111111111109
261,tsst-prep,5,25,5.742647058823522,111.625,105.88235294117648
262,tsst-prep,5,15,3.9849115504682544,109.5,105.51508844953175
263,tsst-prep,5,15,1.5070942111237002,107.75,106.2429057888763
264,tsst-prep,5,15,0.6381578947368354,107.375,106.73684210526316
265,tsst-prep,5,15,0.23739495798319865,106.75,106.5126050420168
266,tsst-prep,5,15,2.759315906562847,106.875,104.11568409343715
267,tsst-prep,5,30,3.000902527075823,106.25,103.24909747292418
268,tsst-prep,5,30,1.5306122448979664,105.0,103.46938775510203
269,tsst-prep,5,30,0.7305986696230775,104.5,103.76940133037692
270,tsst-prep,5,30,0.1959876543209731,104.125,104.32098765432097
271,tsst-prep,5,15,1.030405405405375,104.375,105.40540540540538
272,tsst-prep,5,15,0.6249999999999716,105.0,105.62499999999997
273,tsst-prep,5,40,0.23514077163711988,105.5,105.73514077163712
274,tsst-prep,5,15,0.02948851774532102,105.875,105.84551148225468
275,tsst-prep,5,15,0.956460674157313,106.125,105.16853932584269
276,tsst-prep,5,35,0.22568093385213217,106.0,106.22568093385213
277,tsst-prep,5,20,1.615427302996693,105.5,103.8845726970033
278,tsst-prep,5,25,2.3582015810276857,105.125,102.76679841897231
279,tsst-prep,5,15,5.554794520547944,103.5,97.94520547945206
280,tsst-prep,5,15,5.104531410916579,101.5,96.39546858908342
281,tsst-prep,5,20,6.782181168057207,99.75,92.9678188319428
282,tsst-prep,5,35,6.110294117647058,97.875,91.76470588235294
283,tsst-prep,5,40,10.538751345532816,94.5,83.96124865446718
284,tsst-prep,5,15,7.807907348242807,90.875,83.06709265175719
285,tsst-prep,5,15,0.13596737907762702,87.875,87.73903262092237
286,tsst-prep,5,20,4.00105042016807,86.125,90.12605042016807
287,tsst-prep,5,15,1.0,87.0,88.0
288,tsst-prep,5,20,1.295787083753794,87.875,86.5792129162462
289,tsst-prep,5,25,2.239114114114116,88.125,85.88588588588588
290,tsst-prep,5,15,0.10506134969324421,87.625,87.73006134969324
291,tsst-prep,5,20,2.6682900432900425,87.375,90.04329004329004
292,tsst-prep,5,20,2.447674418604649,88.25,90.69767441860465
293,tsst-prep,5,15,1.256329113924025,89.25,90.50632911392402
294,tsst-prep,5,30,0.09039792387542889,89.875,89.96539792387543
295,tsst-prep,5,40,0.15417981072555165,90.375,90.22082018927445
296,tsst-prep,5,15,1.8573735199138923,90.5,92.35737351991389
297,tsst-prep,5,20,3.576986754966896,91.125,94.7019867549669
298,tsst-prep,5,15,2.2660515672396286,92.375,94.64105156723963
299,tsst-prep,5,20,0.6048387096774235,93.75,94.35483870967742
300,tsst-prep,5,30,1.379470938897171,94.375,92.99552906110283
301,tsst-prep,5,15,6.234550561797747,93.875,87.64044943820225
302,tsst-prep,5,20,1.898099260823642,92.5,90.60190073917636
303,tsst-prep,5,40,0.38481675392669956,91.5,91.8848167539267
304,tsst-prep,5,20,3.527173913043441,92.125,95.65217391304344
305,tsst-prep,5,25,0.38149350649351277,93.125,93.50649350649351
306,tsst-prep,5,15,4.5930020811654515,93.875,89.28199791883455
307,tsst-prep,5,40,6.871262458471762,93.25,86.37873754152824
308,tsst-prep,5,20,6.2221615720524,91.375,85.1528384279476
309,tsst-prep,5,15,4.934446254071659,89.625,84.69055374592834
310,tsst-prep,5,30,3.6484657039711266,88.125,84.47653429602887
311,tsst-prep,5,30,2.559446254071659,87.25,84.69055374592834
312,tsst-prep,5,20,1.9446622436670538,86.625,84.68033775633295
313,tsst-prep,5,15,2.5237138263665457,86.125,83.60128617363345
314,tsst-prep,5,15,1.89871382636656,85.5,83.60128617363344
315,tsst-prep,5,15,1.504297269969669,85.25,86.75429726996967
316,tsst-prep,5,15,4.5657894736842195,85.75,90.31578947368422
317,tsst-prep,5,20,4.4090909090909065,86.5,90.9090909090909
318,tsst-prep,5,20,1.5745412844036792,87.875,89.44954128440368
319,tsst-prep,5,15,1.612238979118331,88.875,90.48723897911833
320,tsst-prep,5,15,0.18710691823898173,89.75,89.93710691823898
321,tsst-prep,5,15,2.6071428571428754,90.25,92.85714285714288
322,tsst-prep,5,20,3.8475744211686873,90.75,94.59757442116869
323,tsst-prep,5,15,2.939377085650733,92.5,95.43937708565073
324,tsst-prep,5,15,1.9021739130434838,93.75,95.65217391304348
325,tsst-prep,5,30,1.2739361702127638,94.625,93.35106382978724
326,tsst-prep,5,15,3.1811632870864344,94.75,91.56883671291357
327,tsst-prep,5,15,0.7153908794788322,93.875,93.15960912052117
328,tsst-prep,5,15,1.939377085650733,93.5,95.43937708565073
329,tsst-prep,5,15,1.4775249722530646,93.75,95.22752497225306
330,tsst-prep,5,15,0.21428571428569398,94.5,94.2857142857143
331,tsst-prep,5,15,1.0019146608314884,94.875,93.87308533916851
332,tsst-prep,5,20,0.5677826564214996,94.75,94.1822173435785
333,tsst-prep,5,20,0.15038071065988845,94.875,95.02538071065989
334,tsst-prep,5,20,0.32954545454543904,94.875,94.54545454545456
335,tsst-prep,5,15,0.3816079295154111,94.875,94.49339207048459
336,tsst-prep,5,15,0.016611295681073557,95.0,95.01661129568107
337,tsst-prep,5,20,0.1219512195121979,95.0,95.1219512195122
338,tsst-prep,5,25,0.6784800409416647,95.125,95.80348004094166
339,tsst-prep,5,20,0.01723697650662359,95.625,95.60776302349338
340,tsst-prep,5,35,0.022465437788014242,95.875,95.85253456221199
341,tsst-prep,5,20,1.1722972972973054,96.125,97.2972972972973
342,tsst-prep,5,20,1.4661594963273785,96.75,98.21615949632738
343,tsst-prep,5,20,2.0936503719447472,97.375,99.46865037194475
344,tsst-speech,5,15,2.925531914893611,102.5,99.57446808510639
345,tsst-speech,5,20,0.281055900621098,105.25,104.9689440993789
346,tsst-speech,5,20,0.9556451612903203,109.125,110.08064516129032
347,tsst-speech,5,25,0.7021812080537018,114.125,113.4228187919463
348,tsst-speech,5,30,0.14105504587151074,119.125,119.26605504587151
349,tsst-speech,5,25,2.0000000000000284,123.875,121.87499999999997
350,tsst-speech,5,15,3.192610062893067,127.625,130.81761006289307
351,tsst-speech,5,15,0.5213987473903785,129.75,130.27139874739038
352,tsst-speech,5,25,1.0299844236760123,130.625,129.595015576324
353,tsst-speech,5,25,0.24151917404131495,130.625,130.38348082595869
354,tsst-speech,5,40,5.950075075075077,130.875,124.92492492492492
355,tsst-speech,5,40,3.5271739130434696,132.125,135.65217391304347
356,tsst-speech,5,20,0.9216101694915437,133.125,132.20338983050846
357,tsst-speech,5,20,2.0451206715634953,133.0,130.9548793284365
358,tsst-speech,5,20,2.5023261508325447,132.375,129.87267384916746
359,tsst-speech,5,35,0.125,131.375,131.25
360,tsst-speech,5,35,2.066035218783327,131.125,133.19103521878333
361,tsst-speech,5,35,2.7078220858895747,132.875,135.58282208588957
362,tsst-speech,5,35,1.5672234392114035,135.125,136.6922234392114
363,tsst-speech,5,15,9.552991886409743,136.125,126.57200811359026
364,tsst-speech,5,20,3.27205882352942,135.625,132.35294117647058
365,tsst-speech,5,20,5.340206185567013,134.0,128.659793814433
366,tsst-speech,5,20,4.674492385786806,131.375,126.7005076142132
367,tsst-speech,5,40,4.266524520255857,129.0,124.73347547974414
368,tsst-speech,5,15,3.7216088328075756,126.75,123.02839116719242
369,tsst-speech,5,40,3.260869565217419,125.0,121.73913043478258
370,tsst-speech,5,20,1.8783783783783718,123.5,121.62162162162163
371,tsst-speech,5,20,1.3106984478935573,122.375,121.06430155210644
372,tsst-speech,5,15,5.456070287539916,121.75,116.29392971246008
373,tsst-speech,5,15,2.147943831494487,119.5,117.35205616850551
374,tsst-speech,5,25,2.332089552238827,118.75,116.41791044776117
375,tsst-speech,5,25,3.1915961945031768,118.625,115.43340380549682
376,tsst-speech,5,40,0.5210674157303572,117.375,116.85393258426964
377,tsst-speech,5,15,9.210691823899381,115.5,106.28930817610062
378,tsst-speech,5,15,5.513157894736835,112.25,106.73684210526316
379,tsst-speech,5,15,0.2512562814070378,110.0,109.74874371859296
380,tsst-speech,5,30,4.10665914221218,109.75,105.64334085778782
381,tsst-speech,5,35,3.5508021390374296,112.0,108.44919786096257
382,tsst-speech,5,25,1.935845799769865,114.75,116.68584579976987
383,tsst-speech,5,15,0.4166666666666856,116.25,116.66666666666669
384,tsst-speech,5,40,2.881386861313871,116.75,113.86861313868613
385,tsst-speech,5,40,2.942567567567579,115.375,112.43243243243242
386,tsst-speech,5,15,0.6114864864864842,114.125,113.51351351351352
387,tsst-speech,5,30,1.4279661016949206,114.25,115.67796610169492
388,tsst-speech,5,20,0.7683066361555859,115.25,116.01830663615559
389,tsst-speech,5,25,8.16231343283583,115.625,107.46268656716417
390,tsst-speech,5,15,14.011792452830193,112.125,98.11320754716981
391,tsst-speech,5,15,16.24894957983193,106.375,90.12605042016807
392,tsst-speech,5,25,7.366935483870961,99.625,92.25806451612904
393,tsst-speech,5,25,2.9227129337539566,95.5,98.42271293375396
394,tsst-speech,5,25,0.7500000000000284,96.75,97.50000000000003
395,tsst-speech,5,20,1.189189189189193,100.0,101.1891891891892
396,tsst-speech,5,20,2.846428571428575,104.125,106.97142857142858
397,tsst-speech,5,40,2.1770134228187743,106.875,104.69798657718123
398,tsst-speech,5,20,10.892236976506638,106.5,95.60776302349336
399,tsst-speech,5,15,12.919354838709694,103.5,90.5806451612903
400,tsst-speech,5,20,12.93715469613258,99.125,86.18784530386742
401,tsst-speech,5,20,12.2975687103594,94.75,82.4524312896406
402,tsst-speech,5,15,7.666666666666671,91.0,83.33333333333333
403,tsst-speech,5,15,2.157284768211923,88.25,86.09271523178808
404,tsst-speech,5,40,1.262446657183503,87.5,88.7624466571835
405,tsst-speech,5,35,0.9817444219066971,88.0,87.0182555780933
406,tsst-speech,5,25,0.5657894736842195,89.75,90.31578947368422
407,tsst-speech,5,15,2.037844036697237,93.375,95.41284403669724
408,tsst-speech,5,15,0.11320754716979309,98.0,98.1132075471698
409,tsst-speech,5,40,0.857142857142847,102.0,102.85714285714285
410,tsst-speech,5,35,1.4162995594713692,104.5,103.08370044052863
411,tsst-speech,5,20,2.7973237597911265,104.625,101.82767624020887
412,tsst-speech,5,25,7.899096385542165,101.875,93.97590361445783
413,tsst-speech,5,25,2.0807911065149796,98.875,96.79420889348502
414,tsst-speech,5,25,2.3569518716577704,97.75,100.10695187165777
415,tsst-speech,5,15,0.824468085106389,98.75,99.57446808510639
416,tsst-speech,5,35,2.675847457627114,99.625,96.94915254237289
417,tsst-speech,5,30,9.719827586206904,99.375,89.6551724137931
418,tsst-speech,5,15,11.746257485029957,97.375,85.62874251497004
419,tsst-speech,5,25,7.377205071664832,93.375,85.99779492833517
420,tsst-speech,5,15,3.1272912423625314,90.5,87.37270875763747
421,tsst-speech,5,25,0.06418918918919303,89.125,89.1891891891892
422,tsst-speech,5,25,3.1129550321199133,88.75,91.86295503211991
423,tsst-speech,5,35,3.596916299559453,89.5,85.90308370044055
424,tsst-speech,5,25,3.988095238095241,91.25,95.23809523809524
425,tsst-speech,5,25,3.2056270996640563,92.875,96.08062709966406
426,tsst-speech,5,25,0.4725744211687015,94.125,94.5975744211687
427,tsst-speech,5,30,0.8990963855421654,94.875,93.97590361445783
428,tsst-speech,5,15,2.0649141630901227,94.125,92.06008583690988
429,tsst-speech,5,20,0.035947712418305855,93.5,93.4640522875817
430,TP_tsst-speech_to_meditation-1,5,35,5.697761194029852,95.25,89.55223880597015
431,TP_tsst-speech_to_meditation-1,5,15,4.76279863481227,93.5,88.73720136518773
432,TP_tsst-speech_to_meditation-1,5,35,6.075887392900853,92.0,85.92411260709915
433,TP_tsst-speech_to_meditation-1,5,40,6.5040322580645125,90.375,83.87096774193549
434,TP_tsst-speech_to_meditation-1,5,15,6.61023622047243,88.5,81.88976377952757
435,TP_tsst-speech_to_meditation-1,5,15,6.3381592554291615,87.0,80.66184074457084
436,TP_tsst-speech_to_meditation-1,5,20,5.817820658342782,85.5,79.68217934165722
437,TP_tsst-speech_to_meditation-1,5,25,5.739130434782609,84.0,78.26086956521739
438,TP_tsst-speech_to_meditation-1,5,15,2.920558086560362,82.875,79.95444191343964
439,TP_tsst-speech_to_meditation-1,5,20,1.7530864197530747,82.0,80.24691358024693
440,TP_tsst-speech_to_meditation-1,5,30,0.6069819819819884,81.375,81.98198198198199
441,TP_tsst-speech_to_meditation-1,5,15,3.435756972111548,81.125,77.68924302788845
442,TP_tsst-speech_to_meditation-1,5,15,5.228448275862078,80.875,75.64655172413792
443,TP_tsst-speech_to_meditation-1,5,35,4.644184168012927,80.25,75.60581583198707
444,TP_tsst-speech_to_meditation-1,5,15,6.604338842975196,79.125,72.5206611570248
445,TP_tsst-speech_to_meditation-1,5,15,6.522336769759448,78.0,71.47766323024055
446,TP_tsst-speech_to_meditation-1,5,20,2.273512221041443,76.875,74.60148777895856
447,TP_tsst-speech_to_meditation-1,5,20,4.162371134020617,76.25,80.41237113402062
448,TP_tsst-speech_to_meditation-1,5,15,4.4560810810810665,76.625,81.08108108108107
449,TP_tsst-speech_to_meditation-1,5,15,3.2825086306098967,77.5,80.7825086306099
450,TP_tsst-speech_to_meditation-1,5,15,1.3362333674513849,78.5,79.83623336745138
451,TP_tsst-speech_to_meditation-1,5,25,0.23408104196815316,79.25,79.01591895803185
452,TP_tsst-speech_to_meditation-1,5,35,2.7977725674091403,79.5,82.29777256740914
453,TP_tsst-speech_to_meditation-1,5,35,4.120967741935473,79.75,83.87096774193547
454,meditation-1,5,30,7.112903225806448,80.5,73.38709677419355
455,meditation-1,5,20,7.93855932203391,79.125,71.18644067796609
456,meditation-1,5,15,5.154343329886245,77.75,72.59565667011375
457,meditation-1,5,20,3.407630522088354,76.5,73.09236947791165
458,meditation-1,5,25,3.0668604651162923,75.625,72.55813953488371
459,meditation-1,5,15,3.7503799392097363,74.875,71.12462006079026
460,meditation-1,5,15,3.385238907849825,74.375,70.98976109215018
461,meditation-1,5,35,1.5571192052980223,73.875,72.31788079470198
462,meditation-1,5,15,3.732142857142861,73.375,69.64285714285714
463,meditation-1,5,20,4.2775330396475795,73.0,68.72246696035242
464,meditation-1,5,25,4.276143790849673,72.25,67.97385620915033
465,meditation-1,5,40,0.981382978723417,71.625,72.60638297872342
466,meditation-1,5,15,2.4336492890995203,71.5,73.93364928909952
467,meditation-1,5,15,0.8522727272727337,71.875,72.72727272727273
468,meditation-1,5,25,4.696041214750537,72.375,67.67895878524946
469,meditation-1,5,25,6.187566418703497,72.5,66.3124335812965
470,meditation-1,5,25,0.5335365853658658,71.875,71.34146341463413
471,meditation-1,5,15,1.308139534883722,71.25,72.55813953488372
472,meditation-1,5,30,0.5973183391003403,71.375,71.97231833910034
473,meditation-1,5,15,1.4951298701298725,71.625,70.12987012987013
474,meditation-1,5,30,2.9517640573318715,71.75,68.79823594266813
475,meditation-1,5,20,2.9308510638297776,71.75,74.68085106382978
476,meditation-1,5,25,5.3042616451932645,72.0,77.30426164519326
477,meditation-1,5,15,3.973684210526315,73.0,76.97368421052632
478,meditation-1,5,20,0.6699573105656498,74.25,74.91995731056565
479,meditation-1,5,20,2.4291795665634766,74.875,72.44582043343652
480,meditation-1,5,15,1.463235294117652,74.875,73.41176470588235
481,meditation-1,5,15,2.2625545851528415,74.375,76.63755458515284
482,meditation-1,5,15,1.190123789020447,74.375,75.56512378902045
483,meditation-1,5,25,0.7908751696065082,74.875,74.08412483039349
484,meditation-1,5,15,5.820399113082047,75.0,69.17960088691795
485,meditation-1,5,15,5.5984513274336365,74.625,69.02654867256636
486,meditation-1,5,15,2.73096446700508,74.0,71.26903553299492
487,meditation-1,5,15,1.8402527075812287,73.25,75.09025270758123
488,meditation-1,5,25,0.17842323651451863,73.0,72.82157676348548
489,meditation-1,5,35,3.2626404494382086,73.375,70.11235955056179
490,meditation-1,5,30,2.3409090909090935,73.25,70.9090909090909
491,meditation-1,5,15,7.125,72.75,65.625
492,meditation-1,5,15,2.309782608695656,71.875,69.56521739130434
493,meditation-1,5,15,0.4776632302405517,71.0,71.47766323024055
494,meditation-1,5,15,3.6932661717921462,70.75,74.44326617179215
495,meditation-1,5,25,3.6411483253588557,71.0,74.64114832535886
496,meditation-1,5,25,1.1739073881373514,71.875,73.04890738813735
497,meditation-1,5,30,0.31909038238701726,72.625,72.30590961761298
498,meditation-1,5,35,4.368099121706408,72.875,68.50690087829359
499,meditation-1,5,15,5.425709001233045,72.75,67.32429099876695
500,meditation-1,5,20,2.4645439377085694,71.875,69.41045606229143
501,meditation-1,5,20,0.6961060948081297,71.125,70.42889390519187
502,meditation-1,5,15,0.8826530612244881,70.75,71.63265306122449
503,meditation-1,5,15,1.016791044776113,70.625,71.64179104477611
504,meditation-1,5,15,0.3958810068649825,71.0,71.39588100686498
505,meditation-1,5,15,3.0682661717921462,71.375,74.44326617179215
506,meditation-1,5,20,3.1031353135313537,71.75,68.64686468646865
507,meditation-1,5,40,4.203947368421041,72.625,68.42105263157896
508,meditation-1,5,15,1.6123188405797038,73.75,75.3623188405797
509,meditation-1,5,20,3.3942113245702643,74.375,70.98078867542974
510,meditation-1,5,40,5.928571428571431,74.5,68.57142857142857
511,meditation-1,5,30,2.5335365853658516,73.875,71.34146341463415
512,meditation-1,5,20,0.36443661971830466,72.875,73.2394366197183
513,meditation-1,5,15,0.7776617954070986,72.5,73.2776617954071
514,meditation-1,5,15,0.32157676348548137,72.5,72.82157676348548
515,meditation-1,5,20,0.6945727482679018,72.75,72.0554272517321
516,meditation-1,5,15,1.6808510638297776,73.0,74.68085106382978
517,meditation-1,5,25,0.546782762691862,73.125,73.67178276269186
518,meditation-1,5,20,1.110208816705338,73.5,72.38979118329466
519,meditation-1,5,15,5.475108813928188,73.375,67.89989118607181
520,meditation-1,5,35,3.470588235294116,73.0,76.47058823529412
521,meditation-1,5,25,1.9637662988966866,72.375,70.41123370110331
522,meditation-1,5,40,0.5024509803921688,71.875,71.37254901960783
523,meditation-1,5,40,2.232142857142861,71.875,69.64285714285714
524,meditation-1,5,15,7.690573770491795,71.625,63.934426229508205
525,meditation-1,5,40,0.2890386571719148,71.125,71.41403865717191
526,meditation-1,5,15,1.7223183391003403,70.25,71.97231833910034
527,meditation-1,5,15,3.1929156908665135,69.875,73.06791569086651
528,meditation-1,5,15,0.16123370110331336,70.25,70.41123370110331
529,meditation-1,5,40,4.2823511543134885,70.625,66.34264884568651
530,meditation-1,5,15,5.409685863874344,70.75,65.34031413612566
531,meditation-1,5,20,2.423913043478251,70.25,67.82608695652175
532,meditation-1,5,35,0.5984513274336223,69.625,69.02654867256638
533,meditation-1,5,35,1.379981320049822,69.375,67.99501867995018
534,meditation-1,5,15,2.4754797441364644,69.0,66.52452025586354
535,meditation-1,5,15,0.8152173913043441,68.75,69.56521739130434
536,meditation-1,5,20,5.084905660377359,68.5,73.58490566037736
537,meditation-1,5,40,4.507853403141354,69.0,73.50785340314135
538,meditation-1,5,30,1.6762295081967267,70.25,71.92622950819673
539,meditation-1,5,25,0.05438496583143149,71.125,71.07061503416857
540,meditation-1,5,25,5.841867469879517,71.625,65.78313253012048
541,meditation-1,5,15,0.4915254237288167,71.0,70.50847457627118
542,meditation-1,5,20,3.084905660377359,70.5,73.58490566037736
543,meditation-1,5,35,2.923913043478251,70.75,67.82608695652175
544,meditation-1,5,15,4.412408759124077,71.5,75.91240875912408
545,meditation-1,5,15,1.6144067796610102,72.75,74.36440677966101
546,meditation-1,5,35,2.044794188861985,73.5,75.54479418886199
547,meditation-1,5,15,0.18296529968453967,74.0,73.81703470031546
548,meditation-1,5,40,0.19021739130435833,74.375,74.18478260869564
549,meditation-1,5,15,2.2270041109969156,74.375,72.14799588900308
550,meditation-1,5,15,1.2278037383177605,74.125,72.89719626168224
551,meditation-1,5,20,0.4630071599045351,74.0,74.46300715990454
552,meditation-1,5,20,0.4884038199181333,74.0,74.48840381991813
553,meditation-1,5,35,1.7777777777777715,74.0,72.22222222222223
554,meditation-1,5,15,5.303571428571431,73.875,68.57142857142857
555,meditation-1,5,15,0.7400398406374364,73.25,72.50996015936256
556,meditation-1,5,20,1.114495798319325,72.625,73.73949579831933
557,meditation-1,5,15,0.8059623430962404,72.625,73.43096234309624
558,meditation-1,5,35,1.9293849658314315,73.0,71.07061503416857
559,meditation-1,5,15,4.978665207877455,73.25,68.27133479212254
560,meditation-1,5,15,2.0463961407491382,72.875,70.82860385925086
561,meditation-1,5,15,0.19409038238703147,72.5,72.30590961761297
562,meditation-1,5,15,0.9085365853658658,72.25,71.34146341463413
563,meditation-1,5,20,1.7415254237288167,72.25,70.50847457627118
564,meditation-1,5,15,0.47085889570553263,72.25,71.77914110429447
565,meditation-1,5,20,1.9473840665873894,72.25,74.19738406658739
566,meditation-1,5,15,1.7857142857142776,72.5,74.28571428571428
567,meditation-1,5,20,0.19657676348548137,72.625,72.82157676348548
568,meditation-1,5,20,2.2963961407491524,73.125,70.82860385925085
569,meditation-1,5,25,0.17842323651451863,73.0,72.82157676348548
570,meditation-1,5,25,0.2324561403508909,72.75,72.98245614035089
571,meditation-1,5,15,0.09117418351476658,72.875,72.78382581648523
572,meditation-1,5,40,0.0911741835147808,72.875,72.78382581648522
573,meditation-1,5,20,0.7226027397260282,73.25,73.97260273972603
574,meditation-1,5,35,2.1363636363636402,73.5,75.63636363636364
575,meditation-1,5,15,0.8058510638297776,73.875,74.68085106382978
576,meditation-1,5,25,0.5161483253588557,74.125,74.64114832535886
577,meditation-1,5,30,2.7941777323799784,74.5,71.70582226762002
578,meditation-1,5,15,3.2671232876712395,74.5,71.23287671232876
579,meditation-1,5,25,1.8010780287474262,73.875,72.07392197125257
580,meditation-1,5,35,0.8128646441073499,73.625,72.81213535589265
581,meditation-1,5,20,1.0880071599045351,73.375,74.46300715990454
582,meditation-1,5,25,1.2130071599045351,73.25,74.46300715990454
583,meditation-1,5,25,5.247557003257327,73.0,67.75244299674267
584,meditation-1,5,30,0.20339855818743047,72.5,72.29660144181257
585,meditation-1,5,20,2.2538278775079164,71.875,74.12882787750792
586,meditation-1,5,15,2.588007159904535,71.875,74.46300715990454
587,meditation-1,5,15,0.3195727482678876,72.375,72.05542725173211
588,meditation-1,5,20,4.850108813928188,72.75,67.89989118607181
589,meditation-1,5,15,3.2145439377085694,72.625,69.41045606229143
590,meditation-1,5,30,1.2159090909090935,72.125,70.9090909090909
591,meditation-1,5,20,0.22231833910034027,71.75,71.97231833910034
592,meditation-1,5,15,1.625,71.5,73.125
593,meditation-1,5,40,0.7599601593625493,71.75,72.50996015936255
594,meditation-1,5,15,1.1144366197183047,72.125,73.2394366197183
595,meditation-1,5,15,0.5979729729729826,72.375,72.97297297297298
596,meditation-1,5,20,0.18713535589265007,72.625,72.81213535589265
597,meditation-1,5,25,0.9420347003154461,72.875,73.81703470031545
598,meditation-1,5,40,0.03859060402685088,73.25,73.28859060402685
599,meditation-1,5,30,2.002450980392169,73.375,71.37254901960783
600,TP_meditation-1_to_screen-reading,5,30,5.1920468557336505,71.75,76.94204685573365
601,TP_meditation-1_to_screen-reading,5,20,1.0441777323799784,72.75,71.70582226762002
602,TP_meditation-1_to_screen-reading,5,30,7.0193433029909045,74.125,81.1443433029909
603,TP_meditation-1_to_screen-reading,5,35,0.973684210526315,76.0,76.97368421052632
604,TP_meditation-1_to_screen-reading,5,40,9.392531556802254,78.125,87.51753155680225
605,TP_meditation-1_to_screen-reading,5,25,8.13636363636364,80.5,88.63636363636364
606,TP_meditation-1_to_screen-reading,5,15,3.909870641169846,82.875,78.96512935883015
607,TP_meditation-1_to_screen-reading,5,15,1.7218634686346803,84.625,86.34686346863468
608,TP_meditation-1_to_screen-reading,5,15,2.0878378378378386,85.75,87.83783783783784
609,TP_meditation-1_to_screen-reading,5,15,3.0083429228998853,86.75,89.75834292289989
610,TP_meditation-1_to_screen-reading,5,40,1.6569979188345627,87.625,89.28199791883456
611,TP_meditation-1_to_screen-reading,5,20,1.1434010152284202,88.25,87.10659898477158
612,TP_meditation-1_to_screen-reading,5,20,3.282679738562095,88.25,84.9673202614379
613,TP_meditation-1_to_screen-reading,5,35,3.641150740242253,87.625,83.98384925975775
614,TP_meditation-1_to_screen-reading,5,20,2.482605177993534,86.625,84.14239482200647
615,screen-reading,5,15,3.74539877300613,83.5,79.75460122699387
616,screen-reading,5,15,3.8735955056179705,82.75,78.87640449438203
617,screen-reading,5,35,2.787547528517109,81.875,79.08745247148289
618,screen-reading,5,40,2.926724137931018,81.375,78.44827586206898
619,screen-reading,5,15,3.3972772277227534,80.625,77.22772277227725
620,screen-reading,5,20,2.047949002217308,79.875,77.82705099778269
621,screen-reading,5,40,0.8844339622641542,79.375,78.49056603773585
622,screen-reading,5,40,2.7774390243902474,78.875,76.09756097560975
623,screen-reading,5,15,2.891129032258064,78.375,75.48387096774194
624,screen-reading,5,20,1.591381418092908,77.875,76.28361858190709
625,screen-reading,5,15,0.013059701492537101,77.625,77.61194029850746
626,screen-reading,5,15,0.5,77.5,78.0
627,screen-reading,5,25,0.5668221734357672,77.625,77.05817782656423
628,screen-reading,5,35,0.7129629629629619,77.75,77.03703703703704
629,screen-reading,5,40,1.7916666666666714,77.625,75.83333333333333
630,screen-reading,5,15,1.7052058111380148,77.25,75.54479418886199
631,screen-reading,5,15,2.1444610778443263,76.875,74.73053892215567
632,screen-reading,5,15,0.8534482758620783,76.5,75.64655172413792
633,screen-reading,5,25,0.7572620519159301,76.375,77.13226205191593
634,screen-reading,5,15,1.375,76.625,78.0
635,screen-reading,5,15,0.06974835886214237,76.875,76.80525164113786
636,screen-reading,5,20,1.0686619718309913,77.125,76.05633802816901
637,screen-reading,5,15,0.571019629225745,77.125,76.55398037077425
638,screen-reading,5,15,1.1358695652173907,77.125,78.26086956521739
639,screen-reading,5,15,0.7987193763919862,77.375,78.17371937639199
640,screen-reading,5,30,0.4629629629629619,77.5,77.03703703703704
641,screen-reading,5,25,0.7786885245901516,77.5,76.72131147540985
642,screen-reading,5,25,0.27986725663717493,77.375,77.65486725663717
643,screen-reading,5,15,2.375,77.625,80.0
644,screen-reading,5,15,1.7112333674513849,78.125,79.83623336745138
645,screen-reading,5,30,0.43781725888325695,78.75,79.18781725888326
646,screen-reading,5,35,1.4722222222222285,79.25,77.77777777777777
647,screen-reading,5,25,2.560582822085891,79.125,76.56441717791411
648,screen-reading,5,35,1.4372246696035091,78.75,77.31277533039649
649,screen-reading,5,15,0.6857569721115624,78.375,77.68924302788844
650,screen-reading,5,35,0.36556603773584584,78.125,78.49056603773585
651,screen-reading,5,15,1.5794419134396378,78.375,79.95444191343964
652,screen-reading,5,35,1.662371134020617,78.75,80.41237113402062
653,screen-reading,5,20,1.162371134020617,79.25,80.41237113402062
654,screen-reading,5,15,0.3869863013698591,79.75,80.13698630136986
655,screen-reading,5,40,0.0794419134396378,79.875,79.95444191343964
656,screen-reading,5,40,0.10243277848911703,80.0,79.89756722151088
657,screen-reading,5,30,0.20565552699228817,80.0,80.20565552699229
658,screen-reading,5,25,0.039439876670087415,80.125,80.16443987667009
659,screen-reading,5,40,0.25,80.25,80.0
660,screen-reading,5,15,4.358108108108098,80.25,75.8918918918919
661,screen-reading,5,15,4.228448275862064,79.875,75.64655172413794
662,screen-reading,5,15,3.358108108108098,79.25,75.8918918918919
663,screen-reading,5,15,0.48250564334085766,78.75,79.23250564334086
664,screen-reading,5,25,1.2384812286689453,78.625,79.86348122866895
665,screen-reading,5,40,1.1134812286689453,78.75,79.86348122866895
666,screen-reading,5,40,0.012658227848106662,79.0,78.9873417721519
667,screen-reading,5,15,1.5790155440414537,79.25,80.82901554404145
668,screen-reading,5,20,2.193181818181813,79.625,81.81818181818181
669,screen-reading,5,15,1.6360062893081846,80.125,81.76100628930818
670,screen-reading,5,20,0.03684074457082431,80.625,80.66184074457082
671,screen-reading,5,25,1.7674943566591281,81.0,79.23250564334087
672,screen-reading,5,15,0.9772727272727337,80.75,79.77272727272727
673,screen-reading,5,25,1.2760681586978535,80.625,79.34893184130215
674,screen-reading,5,35,0.0373711340206313,80.375,80.41237113402063
675,screen-reading,5,20,0.6233012457531117,80.125,79.50169875424689
676,screen-reading,5,15,0.7040155440414537,80.125,80.82901554404145
677,screen-reading,5,15,1.6827731092436835,80.25,81.93277310924368
678,screen-reading,5,30,1.0967995802728154,80.75,81.84679958027282
679,screen-reading,5,15,0.20972367049009222,81.125,81.33472367049009
680,screen-reading,5,15,0.20954734651405715,81.375,81.16545265348594
681,screen-reading,5,30,1.5503554502369639,81.625,83.17535545023696
682,screen-reading,5,20,1.015541976620625,81.875,82.89054197662063
683,screen-reading,5,30,0.8749999999999858,82.125,81.25000000000001
684,screen-reading,5,25,3.7265100671140914,82.25,78.52348993288591
685,screen-reading,5,15,3.576280623608014,81.75,78.17371937639199
686,screen-reading,5,25,1.0030864197530747,81.25,80.24691358024693
687,screen-reading,5,15,2.2083333333333286,81.125,83.33333333333333
688,screen-reading,5,40,1.7740213523131558,81.5,83.27402135231316
689,screen-reading,5,25,0.06722689075628807,82.0,81.93277310924371
690,screen-reading,5,15,0.9999999999999858,82.25,81.25000000000001
691,screen-reading,5,15,0.5746073298429195,82.25,81.67539267015708
692,screen-reading,5,20,0.3661868390129257,82.125,82.49118683901293
693,screen-reading,5,20,0.11536430834213718,82.25,82.36536430834214
694,screen-reading,5,25,0.24065420560748407,82.25,82.00934579439252
695,screen-reading,5,40,0.11536430834213718,82.25,82.36536430834214
696,screen-reading,5,25,1.4058807733619716,82.375,83.78088077336197
697,screen-reading,5,15,1.9489141164856818,82.75,84.69891411648568
698,screen-reading,5,20,1.5923202614379193,83.375,84.96732026143792
699,screen-reading,5,15,0.35826133909287705,83.875,84.23326133909288
700,screen-reading,5,15,0.3441192266380142,84.125,83.78088077336199
701,TP_screen-reading_to_ssst-prep,5,30,0.01210653753025781,85.0,84.98789346246974
702,TP_screen-reading_to_ssst-prep,5,35,0.29769137302552906,85.0,85.29769137302553
703,TP_screen-reading_to_ssst-prep,5,25,2.0471668742216735,85.375,87.42216687422167
704,TP_screen-reading_to_ssst-prep,5,15,3.4867511520737082,86.375,89.86175115207371
705,TP_screen-reading_to_ssst-prep,5,30,1.4395667046750447,87.5,88.93956670467504
706,TP_screen-reading_to_ssst-prep,5,35,0.4121621621621614,88.25,87.83783783783784
707,TP_screen-reading_to_ssst-prep,5,25,2.831630109670982,88.375,85.54336989032902
708,TP_screen-reading_to_ssst-prep,5,15,1.6438442211055388,87.875,86.23115577889446
709,TP_screen-reading_to_ssst-prep,5,15,2.186586638830903,87.375,89.5615866388309
710,TP_screen-reading_to_ssst-prep,5,30,4.050675675675663,88.375,84.32432432432434
711,TP_screen-reading_to_ssst-prep,5,40,4.057217343578472,90.125,94.18221734357847
712,TP_screen-reading_to_ssst-prep,5,15,1.6358695652173765,91.625,93.26086956521738
713,TP_screen-reading_to_ssst-prep,5,40,3.0727611940298516,92.625,89.55223880597015
714,TP_screen-reading_to_ssst-prep,5,15,2.778426791277255,91.875,89.09657320872275
715,TP_screen-reading_to_ssst-prep,5,35,2.101063829787236,91.25,93.35106382978724
716,TP_screen-reading_to_ssst-prep,5,35,5.05714285714285,93.0,98.05714285714285
717,TP_screen-reading_to_ssst-prep,5,30,6.985562310030389,95.75,102.73556231003039
718,ssst-prep,5,15,0.021039603960389286,100.375,100.39603960396039
719,ssst-prep,5,25,1.0487012987013031,100.25,101.2987012987013
720,ssst-prep,5,15,1.9237804878048763,101.125,103.04878048780488
721,ssst-prep,5,40,3.7061128526645746,102.25,105.95611285266457
722,ssst-prep,5,35,3.685810810810807,104.875,101.1891891891892
723,ssst-prep,5,25,2.25,107.875,105.625
724,ssst-prep,5,20,1.4076086956522005,111.625,110.2173913043478
725,ssst-prep,5,25,4.2570132013201345,115.875,120.13201320132013
726,ssst-prep,5,30,2.4393015521064285,118.625,121.06430155210643
727,ssst-prep,5,40,0.0724465558194538,120.5,120.42755344418055
728,ssst-prep,5,25,1.5307377049180246,120.875,119.34426229508198
729,ssst-prep,5,15,0.7430981595092021,120.375,119.6319018404908
730,ssst-sing,5,25,0.45777642770350724,122.75,123.20777642770351
731,ssst-sing,5,35,0.05952380952379599,123.75,123.8095238095238
732,ssst-sing,5,25,0.09308510638295786,124.375,124.46808510638296
733,ssst-sing,5,20,0.690476190476204,124.5,123.8095238095238
734,ssst-sing,5,25,4.28073770491801,123.625,119.34426229508199
735,ssst-sing,5,15,4.077586206896541,121.75,117.67241379310346
736,ssst-sing,5,20,3.081766917293237,120.375,117.29323308270676
737,ssst-sing,5,40,2.4482758620689395,119.0,116.55172413793106
738,ssst-sing,5,20,5.081858407079665,117.25,112.16814159292034
739,ssst-sing,5,35,8.153571428571425,115.125,106.97142857142858
740,ssst-sing,5,15,8.66629955947137,111.75,103.08370044052863
741,TP_ssst-sing_to_meditation-2,5,15,11.218002081165452,100.5,89.28199791883455
742,TP_ssst-sing_to_meditation-2,5,15,12.365740740740733,96.625,84.25925925925927
743,TP_ssst-sing_to_meditation-2,5,20,17.55796529968454,91.375,73.81703470031546
744,TP_ssst-sing_to_meditation-2,5,20,10.864616613418534,85.625,74.76038338658147
745,TP_ssst-sing_to_meditation-2,5,30,5.771844660194176,81.5,75.72815533980582
746,TP_ssst-sing_to_meditation-2,5,15,0.6235955056179847,79.5,78.87640449438202
747,TP_ssst-sing_to_meditation-2,5,25,2.446019629225745,79.0,76.55398037077425
748,TP_ssst-sing_to_meditation-2,5,20,1.3451327433628393,79.0,77.65486725663716
749,TP_ssst-sing_to_meditation-2,5,15,1.3122246696035234,78.625,77.31277533039648
750,TP_ssst-sing_to_meditation-2,5,20,2.3186619718309913,78.375,76.05633802816901
751,TP_ssst-sing_to_meditation-2,5,25,2.758842443729904,78.0,75.2411575562701
752,TP_ssst-sing_to_meditation-2,5,25,1.0294117647058698,77.5,76.47058823529413
753,TP_ssst-sing_to_meditation-2,5,15,2.2953964194373384,77.5,79.79539641943734
754,TP_ssst-sing_to_meditation-2,5,25,3.156069364161837,78.0,81.15606936416184
755,meditation-2,5,20,1.5259740259740227,77.5,75.97402597402598
756,meditation-2,5,25,0.6527777777777715,77.125,77.77777777777777
757,meditation-2,5,30,0.7369402985074629,76.875,77.61194029850746
758,meditation-2,5,40,9.189841498559076,76.625,67.43515850144092
759,meditation-2,5,25,9.05316500711237,75.625,66.57183499288763
760,meditation-2,5,15,8.341867469879517,74.125,65.78313253012048
761,meditation-2,5,30,5.815578158458251,72.625,66.80942184154175
762,meditation-2,5,15,3.0038419319429153,71.5,68.49615806805708
763,meditation-2,5,30,0.2641752577319636,70.625,70.36082474226804
764,meditation-2,5,20,1.8472222222222285,70.375,72.22222222222223
765,meditation-2,5,15,2.2324561403508767,70.75,72.98245614035088
766,meditation-2,5,20,0.2692113245702643,71.25,70.98078867542974
767,meditation-2,5,25,0.2477003942181284,71.5,71.74770039421813
768,meditation-2,5,25,0.43855932203389614,71.625,71.1864406779661
769,meditation-2,5,40,0.8488675958188168,71.625,72.47386759581882
770,meditation-2,5,40,1.6370967741935374,71.75,73.38709677419354
771,meditation-2,5,40,0.1112716763005892,72.25,72.13872832369941
772,meditation-2,5,25,2.275507328072152,72.625,70.34949267192785
773,meditation-2,5,20,3.210659898477161,72.5,69.28934010152284
774,meditation-2,5,15,4.2102059925093585,72.375,68.16479400749064
775,meditation-2,5,25,3.3035714285714306,71.875,68.57142857142857
776,meditation-2,5,20,1.2793296089385535,71.0,69.72067039106145
777,meditation-2,5,20,0.1262575452716277,70.75,70.62374245472837
778,meditation-2,5,20,0.9035433070866077,70.75,71.65354330708661
779,meditation-2,5,40,1.0540281329923147,70.875,69.82097186700769
780,meditation-2,5,30,0.5711060948081297,71.0,70.42889390519187
781,meditation-2,5,35,3.75,71.25,75.0
782,meditation-2,5,20,3.1353833865814664,71.625,74.76038338658147
783,meditation-2,5,35,0.625,72.5,73.125
784,meditation-2,5,25,4.609256926952128,73.375,68.76574307304787
785,meditation-2,5,15,4.070399113082047,73.25,69.17960088691795
786,meditation-2,5,20,1.34562663185379,72.625,71.27937336814621
787,meditation-2,5,40,1.3661060802069898,72.0,70.63389391979301
788,meditation-2,5,15,1.7186878727634252,71.5,69.78131212723657
789,meditation-2,5,40,1.5293296089385535,71.25,69.72067039106145
790,meditation-2,5,20,0.25765306122448806,71.375,71.63265306122449
791,meditation-2,5,15,0.5909090909090935,71.5,70.9090909090909
792,meditation-2,5,30,1.4894366197183047,71.75,73.2394366197183
793,meditation-2,5,15,6.642025089605738,71.875,65.23297491039426
794,meditation-2,5,30,3.078947368421055,71.5,68.42105263157895
795,meditation-2,5,30,1.3887283236994108,70.75,72.13872832369941
796,meditation-2,5,20,5.309935205183592,70.5,75.80993520518359
797,meditation-2,5,15,3.9105995717344797,71.25,75.16059957173448
798,meditation-2,5,20,0.5621353558926501,72.25,72.81213535589265
799,meditation-2,5,15,4.827017448200664,72.875,68.04798255179934
800,meditation-2,5,20,5.196041214750537,72.875,67.67895878524946
801,meditation-2,5,15,1.483870967741936,72.25,70.76612903225806
802,meditation-2,5,40,2.1587837837837895,71.625,73.78378378378379
803,meditation-2,5,15,2.6144067796610244,71.75,74.36440677966102
804,meditation-2,5,15,2.6353833865814664,72.125,74.76038338658147
805,meditation-2,5,30,2.616157556270096,72.625,75.2411575562701
806,meditation-2,5,15,0.6756329113923982,73.375,74.0506329113924
807,meditation-2,5,15,0.2517667844523004,73.75,73.4982332155477
808,meditation-2,5,15,2.3153669724770793,73.875,71.55963302752292
809,meditation-2,5,15,2.150862068965523,73.875,71.72413793103448
810,meditation-2,5,40,0.825000000000017,73.625,72.79999999999998
811,meditation-2,5,40,1.721456692913378,73.375,71.65354330708662
812,meditation-2,5,15,3.8686182019977764,73.125,69.25638179800222
813,meditation-2,5,35,0.36965240641710295,72.625,72.9946524064171
814,meditation-2,5,15,0.7324561403508909,72.25,72.98245614035089
815,meditation-2,5,15,0.09722222222221433,72.125,72.22222222222221
816,meditation-2,5,30,0.49234693877549773,72.125,71.6326530612245
817,meditation-2,5,15,0.0038659793814304066,72.375,72.37113402061857
818,meditation-2,5,15,1.162119622245541,72.5,73.66211962224554
819,meditation-2,5,30,0.48943661971830466,72.75,73.2394366197183
820,meditation-2,5,25,1.9062499999999858,73.0,71.09375000000001
821,meditation-2,5,15,4.6782786885245855,72.875,68.19672131147541
822,meditation-2,5,40,2.3400852878464633,72.5,74.84008528784646
823,meditation-2,5,30,1.3528880866425794,71.75,70.39711191335742
824,meditation-2,5,30,2.875,71.125,68.25
825,meditation-2,5,20,2.1785714285714306,70.75,68.57142857142857
826,meditation-2,5,40,0.21008245877061427,70.375,70.16491754122939
827,meditation-2,5,25,0.6956150341685685,70.375,71.07061503416857
828,meditation-2,5,20,1.266791044776113,70.375,71.64179104477611
829,meditation-2,5,15,0.4807886754297357,70.5,70.98078867542974
830,meditation-2,5,30,0.40437336814622427,70.875,71.27937336814622
831,meditation-2,5,40,1.9249999999999972,70.875,72.8
832,meditation-2,5,15,0.0003799392097363352,71.125,71.12462006079026
833,meditation-2,5,15,0.5909090909090935,71.5,70.9090909090909
834,meditation-2,5,15,0.085961342828071,71.5,71.41403865717193
835,meditation-2,5,15,0.22911899313500328,71.625,71.395881006865
836,meditation-2,5,20,0.14733676975944832,71.625,71.47766323024055
837,meditation-2,5,15,0.05963302752293487,71.5,71.55963302752293
838,meditation-2,5,40,0.5972222222222427,71.625,72.22222222222224
839,meditation-2,5,30,2.8400852878464775,72.0,74.84008528784648
840,meditation-2,5,25,2.4199573105656356,72.5,74.91995731056564
841,meditation-2,5,35,0.7777777777777999,73.0,72.2222222222222
842,meditation-2,5,20,1.9791189931350175,73.375,71.39588100686498
843,meditation-2,5,15,1.5900852878464633,73.25,74.84008528784646
844,meditation-2,5,40,2.6813380281690087,73.375,76.05633802816901
845,meditation-2,5,30,4.335724533715933,74.0,78.33572453371593
846,meditation-2,5,35,1.7623775843307925,74.625,76.38737758433079
847,meditation-2,5,25,1.5273972602739718,75.5,73.97260273972603
848,meditation-2,5,25,0.8048561151079241,75.625,74.82014388489208
849,meditation-2,5,40,0.13636363636362603,75.5,75.63636363636363
850,meditation-2,5,30,0.9084766584766584,75.75,76.65847665847666
851,meditation-2,5,30,0.11363636363635976,75.75,75.63636363636364
852,meditation-2,5,35,2.6355633802816953,75.875,73.2394366197183
853,meditation-2,5,15,0.14189189189190188,75.75,75.8918918918919
854,meditation-2,5,30,1.0027675276752746,75.75,76.75276752767527
855,meditation-2,5,20,0.6376811594203105,76.0,75.36231884057969
856,meditation-2,5,30,3.944572748267902,76.0,72.0554272517321
857,meditation-2,5,20,7.600108813928188,75.5,67.89989118607181
858,meditation-2,5,25,0.31720246238029404,74.375,74.6922024623803
859,meditation-2,5,15,2.8875545851528415,73.75,76.63755458515284
860,meditation-2,5,25,3.400507328072166,73.75,70.34949267192783
861,meditation-2,5,20,4.023489932885909,74.5,78.52348993288591
862,meditation-2,5,30,2.6857541899441344,75.75,78.43575418994413
863,meditation-2,5,40,3.324561403508767,76.5,79.82456140350877
864,meditation-2,5,20,3.687355658198612,77.375,81.06235565819861
865,meditation-2,5,15,3.0,78.25,81.25
866,meditation-2,5,20,1.2469135802469111,79.0,80.24691358024691
867,meditation-2,5,25,0.06848659003830448,79.625,79.6934865900383
868,meditation-2,5,15,0.2831632653061149,79.875,79.59183673469389
869,meditation-2,5,15,0.20186414708886957,79.875,79.67313585291113
870,meditation-2,5,30,0.3306555269922882,79.875,80.20565552699229
871,meditation-2,5,15,1.2791750503018022,79.75,78.4708249496982
872,meditation-2,5,20,2.147277227722782,79.375,77.22772277227722
873,meditation-2,5,30,0.19594594594593673,79.25,79.05405405405406
874,meditation-2,5,20,0.018179255918838066,79.125,79.14317925591884
875,meditation-2,5,30,0.8117469879518069,79.125,78.3132530120482
876,meditation-2,5,40,5.530612244897952,79.0,73.46938775510205
877,meditation-2,5,15,6.397389969293755,78.25,71.85261003070624
878,meditation-2,5,15,4.9027777777777715,77.125,72.22222222222223
879,meditation-2,5,35,4.892123287671225,76.125,71.23287671232877
880,meditation-2,5,35,4.729729729729726,75.0,70.27027027027027
881,meditation-2,5,20,3.233443708609272,74.25,77.48344370860927
882,meditation-2,5,15,1.3612716763005892,73.5,72.13872832369941
883,meditation-2,5,15,0.5,72.625,73.125
884,meditation-2,5,15,0.3574561403508767,72.625,72.98245614035088
885,meditation-2,5,15,0.15434332988624533,72.75,72.59565667011375
886,meditation-2,5,20,2.161764705882348,72.75,70.58823529411765
887,meditation-2,5,15,1.1691777323799926,72.875,71.70582226762001
888,meditation-2,5,15,1.7722929936305718,72.75,74.52229299363057
889,meditation-2,5,40,1.6144067796610102,72.75,74.36440677966101
890,meditation-2,5,25,2.396551724137936,73.25,75.64655172413794
891,meditation-2,5,15,2.720588235294116,73.75,76.47058823529412
892,meditation-2,5,20,2.2625545851528415,74.375,76.63755458515284
893,meditation-2,5,15,3.5234899328859086,75.0,78.52348993288591
894,meditation-2,5,40,3.6634371029224866,75.625,79.28843710292249
895,meditation-2,5,15,3.953512396694208,76.625,80.57851239669421
896,meditation-2,5,35,4.282437745740495,77.5,81.7824377457405
897,meditation-2,5,20,3.8167808219178028,78.375,82.1917808219178
898,meditation-2,5,25,1.834723670490078,79.5,81.33472367049008
899,meditation-2,5,25,2.0764051522248366,80.125,82.20140515222484
900,meditation-2,5,15,0.2505760368663488,80.625,80.87557603686635
901,meditation-2,5,15,3.4652087475149074,81.0,77.53479125248509
902,TP_meditation-2_to_keyboard-typing,5,20,2.0646551724137936,78.625,80.6896551724138
903,TP_meditation-2_to_keyboard-typing,5,15,1.5,78.5,80.0
904,TP_meditation-2_to_keyboard-typing,5,25,0.4134371029225008,78.875,79.2884371029225
905,TP_meditation-2_to_keyboard-typing,5,35,0.2168367346938851,79.375,79.59183673469389
906,TP_meditation-2_to_keyboard-typing,5,15,1.5047021943573498,80.0,81.50470219435735
907,TP_meditation-2_to_keyboard-typing,5,15,2.7806503198294337,80.375,83.15565031982943
908,TP_meditation-2_to_keyboard-typing,5,40,2.192092651757193,80.875,83.06709265175719
909,TP_meditation-2_to_keyboard-typing,5,30,2.790584415584405,81.625,84.4155844155844
910,TP_meditation-2_to_keyboard-typing,5,25,2.820264765784117,82.25,79.42973523421588
911,TP_meditation-2_to_keyboard-typing,5,15,4.715349075975368,83.375,88.09034907597537
912,TP_meditation-2_to_keyboard-typing,5,15,3.235294117647072,85.0,88.23529411764707
913,TP_meditation-2_to_keyboard-typing,5,40,0.4745011086474591,86.0,86.47450110864746
914,TP_meditation-2_to_keyboard-typing,5,15,0.8367737003058124,86.625,87.46177370030581
915,keyboard-typing,5,30,0.8348946135831454,90.5,91.33489461358315
916,keyboard-typing,5,40,2.8593081312410646,91.875,89.01569186875894
917,keyboard-typing,5,30,0.9618263473053759,94.375,93.41317365269462
918,keyboard-typing,5,15,4.114130434782609,97.625,101.73913043478261
919,keyboard-typing,5,15,0.25,99.75,100.0
920,keyboard-typing,5,25,3.9596724351050767,100.375,96.41532756489492
921,keyboard-typing,5,35,6.1933656957928775,98.75,92.55663430420712
922,keyboard-typing,5,40,5.867612977983782,96.25,90.38238702201622
923,keyboard-typing,5,15,4.093520461699882,94.125,90.03147953830012
924,keyboard-typing,5,40,0.3428188319428074,92.625,92.96781883194281
925,keyboard-typing,5,40,1.6649899396378487,92.5,94.16498993963785
926,keyboard-typing,5,40,3.3192148760330724,93.375,96.69421487603307
927,keyboard-typing,5,30,2.2937429218573158,94.875,97.16874292185732
928,keyboard-typing,5,25,1.1393303064699296,96.25,97.38933030646993
929,keyboard-typing,5,30,0.01944757609919634,96.75,96.7305524239008
930,keyboard-typing,5,20,0.973360655737693,96.875,95.9016393442623
931,keyboard-typing,5,20,1.503048780487802,96.625,95.1219512195122
932,keyboard-typing,5,35,4.093125734430075,95.75,91.65687426556993
933,keyboard-typing,5,35,4.959183673469383,94.5,89.54081632653062
934,keyboard-typing,5,15,6.910714285714306,92.625,85.7142857142857
935,keyboard-typing,5,25,5.098684210526315,90.625,85.52631578947368
936,keyboard-typing,5,15,2.400498891352555,88.875,86.47450110864744
937,keyboard-typing,5,15,0.3595505617977608,88.0,87.64044943820224
938,keyboard-typing,5,20,0.9938118811881083,87.875,86.88118811881189
939,keyboard-typing,5,20,2.0152439024390247,87.625,85.60975609756098
940,keyboard-typing,5,20,2.2826797385620807,87.25,84.96732026143792
941,keyboard-typing,5,20,2.969119226638014,86.75,83.78088077336199
942,keyboard-typing,5,20,1.5844155844155807,86.0,84.41558441558442
943,keyboard-typing,5,15,0.18358085808580427,85.625,85.8085808580858
944,keyboard-typing,5,15,0.6954772475027795,85.875,86.57047724750278
945,keyboard-typing,5,25,1.3134328358209046,86.0,87.3134328358209
946,keyboard-typing,5,15,0.8134328358209046,86.5,87.3134328358209
947,keyboard-typing,5,15,1.1999999999999886,87.0,85.80000000000001
948,keyboard-typing,5,30,1.0357142857142918,86.75,85.71428571428571
949,keyboard-typing,5,15,3.202540106951872,86.625,83.42245989304813
950,keyboard-typing,5,30,2.72597864768683,86.0,83.27402135231317
951,keyboard-typing,5,35,3.410041841004187,85.0,81.58995815899581
952,keyboard-typing,5,15,2.6220930232558004,84.25,81.6279069767442
953,keyboard-typing,5,20,2.250000000000014,83.5,81.24999999999999
954,keyboard-typing,5,20,2.1296583850931654,82.875,80.74534161490683
955,keyboard-typing,5,25,3.284870641169846,82.25,78.96512935883015
956,keyboard-typing,5,40,2.7626582278480925,81.75,78.98734177215191
957,keyboard-typing,5,15,1.2069672131147513,81.125,79.91803278688525
958,keyboard-typing,5,15,0.7955580865603622,80.75,79.95444191343964
959,keyboard-typing,5,35,0.025549805950831228,80.75,80.72445019404917
960,keyboard-typing,5,30,0.03250863060991094,80.75,80.78250863060991
961,keyboard-typing,5,15,1.6424943566591281,80.875,79.23250564334087
962,keyboard-typing,5,30,3.4265799256505574,80.75,77.32342007434944
963,keyboard-typing,5,30,3.2401269393511996,80.25,77.0098730606488
964,keyboard-typing,5,35,3.7718446601941764,79.5,75.72815533980582
965,keyboard-typing,5,20,1.138059701492523,78.75,77.61194029850748
966,keyboard-typing,5,15,0.33657047724750555,78.25,77.9134295227525
967,keyboard-typing,5,25,0.7514044943820295,78.125,78.87640449438203
968,keyboard-typing,5,15,0.6790540540540633,78.375,79.05405405405406
969,keyboard-typing,5,15,0.8841362126245826,78.625,77.74086378737542
970,keyboard-typing,5,15,1.141556291390728,78.625,77.48344370860927
971,keyboard-typing,5,15,0.4017857142857082,78.75,78.34821428571429
972,keyboard-typing,5,30,0.13857782754757864,78.75,78.61142217245242
973,keyboard-typing,5,40,0.2265100671141056,78.75,78.5234899328859
974,keyboard-typing,5,35,0.9132369299221352,79.0,78.08676307007786
975,keyboard-typing,5,15,1.776315789473685,78.75,76.97368421052632
976,keyboard-typing,5,15,1.526315789473685,78.5,76.97368421052632
977,keyboard-typing,5,15,1.0222772277227676,78.25,77.22772277227723
978,keyboard-typing,5,20,0.08657047724749134,78.0,77.91342952275251
979,keyboard-typing,5,40,1.1634371029224866,78.125,79.28843710292249
980,keyboard-typing,5,40,2.41286307053943,78.5,80.91286307053943
981,keyboard-typing,5,25,2.8077731092436835,79.125,81.93277310924368
982,keyboard-typing,5,30,3.1037234042553195,79.875,82.97872340425532
983,keyboard-typing,5,30,2.847057074910836,80.625,83.47205707491084
984,keyboard-typing,5,15,2.824324324324323,81.5,84.32432432432432
985,keyboard-typing,5,40,1.9493243243243228,82.375,84.32432432432432
986,keyboard-typing,5,40,0.3333333333333428,83.0,83.33333333333334
987,keyboard-typing,5,15,1.5282004197271846,83.375,81.84679958027282
988,keyboard-typing,5,15,1.3656542056074699,83.375,82.00934579439253
989,keyboard-typing,5,25,1.211347724620751,83.125,81.91365227537925
990,keyboard-typing,5,40,0.9422268907563165,82.875,81.93277310924368
991,keyboard-typing,5,30,4.3473782771535525,82.25,77.90262172284645
992,keyboard-typing,5,15,5.771844660194176,81.5,75.72815533980582
993,keyboard-typing,5,40,2.9056503198294052,80.25,83.1556503198294
994,keyboard-typing,5,25,3.7222073039742156,79.125,75.40279269602578
995,keyboard-typing,5,15,1.8626224156692075,78.25,76.38737758433079
996,keyboard-typing,5,20,1.196019629225745,77.75,76.55398037077425
997,keyboard-typing,5,35,0.17819148936170848,77.625,77.44680851063829
998,keyboard-typing,5,30,0.18048628428927316,77.625,77.80548628428927
999,keyboard-typing,5,15,0.28131262525049294,77.875,78.1563126252505
1000,keyboard-typing,5,15,0.13413621262458264,77.875,77.74086378737542
1001,TP_keyboard-typing_to_rest-1,5,20,5.560714285714283,76.875,71.31428571428572
1002,TP_keyboard-typing_to_rest-1,5,40,5.305135951661626,76.0,70.69486404833837
1003,TP_keyboard-typing_to_rest-1,5,15,4.286764705882348,74.875,70.58823529411765
1004,TP_keyboard-typing_to_rest-1,5,25,1.3291925465838546,74.0,72.67080745341615
1005,TP_keyboard-typing_to_rest-1,5,20,2.7623775843307925,73.625,76.38737758433079
1006,TP_keyboard-typing_to_rest-1,5,20,4.1358695652173765,74.125,78.26086956521738
1007,TP_keyboard-typing_to_rest-1,5,15,1.8081778265642043,75.25,77.0581778265642
1008,rest-1,5,40,6.568181818181813,72.75,66.18181818181819
1009,rest-1,5,20,5.328207847295872,71.5,66.17179215270413
1010,rest-1,5,15,2.078947368421055,70.5,68.42105263157895
1011,rest-1,5,30,1.3142857142857167,70.0,71.31428571428572
1012,rest-1,5,15,3.771352313167256,70.25,74.02135231316726
1013,rest-1,5,25,3.14473684210526,70.75,73.89473684210526
1014,rest-1,5,15,0.013238289205702358,71.5,71.4867617107943
1015,rest-1,5,15,1.7626404494382086,71.875,70.11235955056179
1016,rest-1,5,15,0.6442113245702643,71.625,70.98078867542974
1017,rest-1,5,30,0.1746183206106906,71.625,71.45038167938931
1018,rest-1,5,30,0.40625,71.5,71.09375
1019,rest-1,5,30,2.2610759493670827,71.375,69.11392405063292
1020,rest-1,5,15,2.5275330396475795,71.25,68.72246696035242
1021,rest-1,5,15,1.3395439377085694,70.75,69.41045606229143
1022,rest-1,5,15,0.6440355329949199,70.625,71.26903553299492
1023,rest-1,5,20,2.3574561403508767,70.625,72.98245614035088
1024,rest-1,5,25,0.4776632302405517,71.0,71.47766323024055
1025,rest-1,5,25,0.10266323024055168,71.375,71.47766323024055
1026,rest-1,5,30,1.979982206405694,71.375,69.3950177935943
1027,rest-1,5,15,2.4247237569060758,71.375,68.95027624309392
1028,rest-1,5,25,0.18644067796610386,71.0,71.1864406779661
1029,rest-1,5,25,3.4432661717921462,71.0,74.44326617179215
1030,rest-1,5,15,4.059935205183592,71.75,75.80993520518359
1031,rest-1,5,25,2.680722891566262,72.5,75.18072289156626
1032,rest-1,5,30,0.010563380281681134,73.25,73.23943661971832
1033,rest-1,5,20,2.4293849658314457,73.5,71.07061503416855
1034,rest-1,5,35,3.1231802911534174,73.0,69.87681970884658
1035,rest-1,5,15,0.3612716763005892,72.5,72.13872832369941
1036,rest-1,5,20,0.15268166089965973,72.125,71.97231833910034
1037,rest-1,5,15,1.0003799392097363,72.125,71.12462006079026
1038,rest-1,5,15,1.1144366197183047,72.125,73.2394366197183
1039,rest-1,5,25,2.32014388489209,72.5,74.82014388489209
1040,rest-1,5,20,2.9714983713354997,73.25,76.2214983713355
1041,rest-1,5,15,1.5651237890204612,74.0,75.56512378902046
1042,rest-1,5,30,1.1745005875440597,74.5,73.32549941245594
1043,rest-1,5,15,0.375,74.625,75.0
1044,rest-1,5,40,4.795396419437338,75.0,79.79539641943734
1045,rest-1,5,25,3.751698754246874,75.75,79.50169875424687
1046,rest-1,5,15,0.13937568455639848,76.75,76.8893756845564
1047,rest-1,5,15,4.691860465116278,77.25,72.55813953488372
1048,rest-1,5,15,3.10526315789474,77.0,73.89473684210526
1049,rest-1,5,25,0.09558823529413019,76.375,76.47058823529413
1050,rest-1,5,35,0.17934782608695343,76.125,76.30434782608695
1051,rest-1,5,25,0.7764084507042384,76.125,76.90140845070424
1052,rest-1,5,15,0.7718446601941764,76.5,75.72815533980582
1053,rest-1,5,30,1.0218446601941764,76.75,75.72815533980582
1054,rest-1,5,15,2.1678118393234627,76.375,74.20718816067654
1055,rest-1,5,20,1.1249999999999858,76.125,75.00000000000001
1056,rest-1,5,15,0.1468446601941622,75.875,75.72815533980584
1057,rest-1,5,30,0.09902597402597735,75.875,75.97402597402598
1058,rest-1,5,35,1.9413507109004655,75.875,73.93364928909953
1059,rest-1,5,15,5.229729729729726,75.5,70.27027027027027
1060,rest-1,5,25,0.9023972602739576,74.875,73.97260273972604
1061,rest-1,5,40,1.0447941888619852,74.5,75.54479418886199
1062,rest-1,5,35,1.4124087591240908,74.5,75.91240875912409
1063,rest-1,5,35,1.782630522088354,74.875,73.09236947791165
1064,TP_rest-1_to_mobile-typing,5,40,1.213235294117652,74.625,73.41176470588235
1065,TP_rest-1_to_mobile-typing,5,20,0.8911290322580641,76.375,75.48387096774194
1066,TP_rest-1_to_mobile-typing,5,30,1.3606243154436015,78.25,76.8893756845564
1067,TP_rest-1_to_mobile-typing,5,20,2.766556291390728,80.25,77.48344370860927
1068,TP_rest-1_to_mobile-typing,5,30,5.131355932203377,82.25,77.11864406779662
1069,TP_rest-1_to_mobile-typing,5,15,6.853070175438603,84.375,91.2280701754386
1070,mobile-typing,5,40,1.5732484076433053,91.0,89.4267515923567
1071,mobile-typing,5,20,2.875,90.625,87.75
1072,mobile-typing,5,15,1.7394067796610244,89.875,88.13559322033898
1073,mobile-typing,5,15,1.0590452261306638,89.25,88.19095477386934
1074,mobile-typing,5,35,1.1095505617977608,88.75,87.64044943820224
1075,mobile-typing,5,35,2.9423603504928764,88.375,85.43263964950712
1076,mobile-typing,5,25,4.023713826366546,87.625,83.60128617363345
1077,mobile-typing,5,25,3.54807692307692,86.625,83.07692307692308
1078,mobile-typing,5,15,2.541666666666657,85.875,83.33333333333334
1079,mobile-typing,5,15,1.107605177993534,85.25,84.14239482200647
1080,mobile-typing,5,25,0.6105100463678639,85.0,84.38948995363214
1081,mobile-typing,5,15,1.3090128755364816,85.0,83.69098712446352
1082,mobile-typing,5,30,1.14871382636656,84.75,83.60128617363344
1083,mobile-typing,5,15,0.5387513455328161,84.5,83.96124865446718
1084,mobile-typing,5,15,0.46732026143790506,84.5,84.9673202614379
1085,mobile-typing,5,35,0.023465703971126572,84.5,84.47653429602887
1086,mobile-typing,5,25,1.557907348242793,84.625,83.0670926517572
1087,mobile-typing,5,15,2.51973684210526,84.625,82.10526315789474
1088,mobile-typing,5,15,3.212136929460584,84.125,80.91286307053942
1089,mobile-typing,5,15,2.7964876033057777,83.375,80.57851239669422
1090,mobile-typing,5,30,1.5845473465140572,82.75,81.16545265348594
1091,mobile-typing,5,30,0.047772567409154476,82.25,82.29777256740915
1092,mobile-typing,5,30,0.019736842105260166,82.125,82.10526315789474
1093,mobile-typing,5,20,0.028481012658232885,82.25,82.27848101265823
1094,mobile-typing,5,20,0.5672268907562881,82.5,81.93277310924371
1095,mobile-typing,5,35,0.8856502242152402,82.5,81.61434977578476
1096,mobile-typing,5,25,2.413766632548615,82.25,79.83623336745138
1097,mobile-typing,5,15,3.175448430493276,81.875,78.69955156950672
1098,mobile-typing,5,15,3.0273779724655867,81.125,78.09762202753441
1099,mobile-typing,5,15,2.1541750503018022,80.625,78.4708249496982
1100,mobile-typing,5,25,1.3625158027812887,80.25,78.88748419721871
1101,mobile-typing,5,15,1.7882369299221494,79.875,78.08676307007785
1102,mobile-typing,5,25,1.9164072229140743,79.625,77.70859277708593
1103,mobile-typing,5,15,1.4615704772475056,79.375,77.9134295227525
1104,mobile-typing,5,25,0.017494929006090842,79.125,79.10750507099391
1105,mobile-typing,5,15,0.03487064116984584,79.0,78.96512935883015
1106,mobile-typing,5,35,0.3893129770992374,79.0,79.38931297709924
1107,mobile-typing,5,35,1.5646551724137936,79.125,80.6896551724138
1108,mobile-typing,5,40,1.0970149253731307,79.5,80.59701492537313
1109,mobile-typing,5,35,0.16697080291970678,79.875,79.7080291970803
1110,mobile-typing,5,15,4.50884244372989,79.75,75.24115755627011
1111,mobile-typing,5,15,5.972338204592901,79.25,73.2776617954071
1112,mobile-typing,5,15,4.177615933412611,78.375,74.19738406658739
1113,mobile-typing,5,15,1.5259740259740227,77.5,75.97402597402598
1114,mobile-typing,5,35,0.15131578947368496,77.125,76.97368421052632
1115,mobile-typing,5,15,0.6548672566371607,77.0,77.65486725663716
1116,mobile-typing,5,25,0.5298672566371607,77.125,77.65486725663716
1117,mobile-typing,5,20,0.36586378737541736,77.375,77.74086378737542
1118,mobile-typing,5,25,0.9644206549118337,77.625,78.58942065491183
1119,mobile-typing,5,25,1.6821793416572035,78.0,79.6821793416572
1120,mobile-typing,5,30,2.1559734513274407,78.375,80.53097345132744
1121,mobile-typing,5,25,1.7749261447562787,78.875,80.64992614475628
1122,mobile-typing,5,30,2.4802631578947256,79.625,82.10526315789473
1123,mobile-typing,5,25,1.254702194357364,80.25,81.50470219435736
1124,mobile-typing,5,35,0.6473042362002417,80.75,80.10269576379976
1125,mobile-typing,5,15,2.138577827547593,80.75,78.61142217245241
1126,mobile-typing,5,25,2.0291750503018164,80.5,78.47082494969818
1127,mobile-typing,5,25,1.7265100671140914,80.25,78.52348993288591
1128,mobile-typing,5,35,1.875,79.875,78.0
1129,mobile-typing,5,15,2.9874454148471585,79.625,76.63755458515284
1130,mobile-typing,5,15,3.641129032258064,79.125,75.48387096774194
1131,mobile-typing,5,15,2.483108108108098,78.375,75.8918918918919
1132,mobile-typing,5,15,1.0697483588621566,77.875,76.80525164113784
1133,mobile-typing,5,30,0.3677379480840699,77.5,77.13226205191593
1134,mobile-typing,5,15,0.696019629225745,77.25,76.55398037077425
1135,mobile-typing,5,35,0.886363636363626,77.25,76.36363636363637
1136,mobile-typing,5,15,0.654411764705884,77.125,76.47058823529412
1137,mobile-typing,5,15,1.1737193763919862,77.0,78.17371937639199
1138,mobile-typing,5,20,1.2208249496981836,77.25,78.47082494969818
1139,mobile-typing,5,25,1.841836734693885,77.75,79.59183673469389
1140,mobile-typing,5,30,1.9571355236139567,78.125,80.08213552361396
1141,mobile-typing,5,35,1.662371134020617,78.75,80.41237113402062
1142,mobile-typing,5,20,2.538652275379249,79.375,81.91365227537925
1143,mobile-typing,5,15,1.4597236704900922,79.875,81.33472367049009
1144,mobile-typing,5,20,0.1618407445708243,80.5,80.66184074457082
1145,mobile-typing,5,20,0.580882352941174,80.875,80.29411764705883
1146,mobile-typing,5,15,0.4626288659793829,80.875,80.41237113402062
1147,mobile-typing,5,20,1.1022727272727337,80.875,79.77272727272727
1148,mobile-typing,5,35,0.8975724020442897,80.625,79.72742759795571
1149,mobile-typing,5,15,2.25,80.25,78.0
1150,mobile-typing,5,15,1.0174949290060766,80.125,79.10750507099392
1151,mobile-typing,5,20,0.2831632653061149,79.875,79.59183673469389
1152,mobile-typing,5,15,0.0794419134396378,79.875,79.95444191343964
1153,mobile-typing,5,15,0.6510681586978677,80.0,79.34893184130213
1154,mobile-typing,5,15,1.1385778275475928,79.75,78.61142217245241
1155,mobile-typing,5,15,0.21323529411765207,79.625,79.41176470588235
1156,TP_mobile-typing_to_rest-2,5,20,1.2149581589958132,80.375,81.58995815899581
1157,TP_mobile-typing_to_rest-2,5,30,2.8365704772475056,80.75,77.9134295227525
1158,rest-2,5,40,3.9762905162064897,88.25,84.27370948379351
1159,rest-2,5,25,8.837121212121204,87.625,78.7878787878788
1160,rest-2,5,20,8.259136212624583,86.0,77.74086378737542
1161,rest-2,5,20,6.233300099700912,84.0,77.76669990029909
1162,rest-2,5,15,1.3126443418013878,82.375,81.06235565819861
1163,rest-2,5,15,0.28504184100418684,81.875,81.58995815899581
1164,rest-2,5,25,0.9787234042553195,82.0,82.97872340425532
1165,rest-2,5,20,6.965036014405769,81.875,74.90996398559423
1166,rest-2,5,30,13.0,81.25,68.25
1167,rest-2,5,35,12.995736906211931,79.5,66.50426309378807
1168,rest-2,5,15,10.782351154313488,77.125,66.34264884568651
1169,rest-2,5,25,1.3043478260869676,75.0,76.30434782608697
1170,rest-2,5,30,2.7415254237288167,73.25,70.50847457627118
1171,rest-2,5,15,0.15277777777777146,72.375,72.22222222222223
1172,rest-2,5,15,1.8006329113923982,72.25,74.0506329113924
1173,rest-2,5,20,3.5975609756097526,72.5,76.09756097560975
1174,rest-2,5,20,3.3296812749003806,73.25,69.92031872509962
1175,rest-2,5,30,7.063515081206489,74.375,81.43851508120649
1176,rest-2,5,15,6.839740190880164,75.875,82.71474019088016
1177,rest-2,5,15,4.175392670157066,77.5,81.67539267015707
1178,rest-2,5,20,0.5720338983050937,78.75,79.3220338983051
1179,rest-2,5,15,0.9017857142857082,79.25,78.34821428571429
1180,rest-2,5,15,0.9545571575695249,79.375,80.32955715756952
1181,rest-2,5,35,0.7873711340206171,79.625,80.41237113402062
1182,rest-2,5,35,2.1827731092436977,79.75,81.9327731092437
1183,rest-2,5,15,8.590909090909093,79.5,70.9090909090909
1184,rest-2,5,15,8.732142857142847,78.375,69.64285714285715
1185,rest-2,5,15,3.3957680250783824,76.75,73.35423197492162
1186,rest-2,5,35,0.814417177914109,75.75,76.56441717791411
1187,rest-2,5,20,3.687817258883257,75.5,79.18781725888326
1188,rest-2,5,15,1.358443708609272,76.125,77.48344370860927
1189,rest-2,5,20,0.6405279503105561,76.875,77.51552795031056
1190,rest-2,5,35,1.2734899328858944,77.25,78.5234899328859
1191,rest-2,5,15,1.8418367346938709,77.75,79.59183673469387
1192,rest-2,5,15,1.9785714285714278,78.25,80.22857142857143
1193,rest-2,5,35,0.16287878787878185,78.625,78.78787878787878
1194,rest-2,5,30,0.05263157894736992,79.0,78.94736842105263
1195,rest-2,5,20,0.6892458100558656,79.125,78.43575418994413
1196,rest-2,5,35,0.6517857142857082,79.0,78.34821428571429
1197,rest-2,5,15,0.6402958876629867,78.875,78.23470411233701
1198,rest-2,5,35,0.8750000000000142,78.875,77.99999999999999
1199,rest-2,5,15,0.6141304347825951,78.875,78.2608695652174
1200,rest-2,5,15,2.8186619718310055,78.875,76.056338028169
1201,rest-2,5,15,3.9441489361702082,78.625,74.68085106382979
1202,rest-2,5,25,4.885563380281695,78.125,73.2394366197183
1203,rest-2,5,25,4.097338204592916,77.375,73.27766179540708
1204,rest-2,5,20,1.8527070063694282,76.375,74.52229299363057
1205,rest-2,5,40,1.2338516746411443,75.875,74.64114832535886
1206,rest-2,5,25,0.27155172413793593,75.375,75.64655172413794
1207,rest-2,5,20,0.008842443729889737,75.25,75.24115755627011
1208,rest-2,5,40,0.04479418886198516,75.5,75.54479418886199
1209,rest-2,5,15,0.30311158798284055,75.625,75.32188841201716
1210,rest-2,5,15,1.6993670886076018,75.75,74.0506329113924
1211,rest-2,5,20,1.3392857142857082,75.625,74.28571428571429
1212,rest-2,5,20,1.1678118393234627,75.375,74.20718816067654
1213,rest-2,5,15,1.2623775843307925,75.125,76.38737758433079
1214,TP_rest-2_to_standing,5,20,0.7777093596059217,77.625,76.84729064039408
1215,TP_rest-2_to_standing,5,15,1.8347236704900922,79.5,81.33472367049009
1216,TP_rest-2_to_standing,5,25,2.582187070151292,83.25,85.83218707015129
1217,TP_rest-2_to_standing,5,40,4.426435406698559,88.875,93.30143540669856
1218,TP_rest-2_to_standing,5,20,2.6091772151898596,96.125,98.73417721518986
1219,TP_rest-2_to_standing,5,40,2.1024800456100365,104.625,106.72748004561004
1220,TP_rest-2_to_standing,5,25,1.2635135135134874,112.25,113.51351351351349
1221,TP_rest-2_to_standing,5,20,0.43485915492955485,117.875,118.30985915492955
1222,TP_rest-2_to_standing,5,15,4.445286195286172,118.25,113.80471380471383
1223,standing,5,20,0.75,104.75,104.0
1224,standing,5,35,2.607142857142861,104.75,102.14285714285714
1225,standing,5,20,8.9427826564215,103.125,94.1822173435785
1226,standing,5,35,12.958333333333329,99.625,86.66666666666667
1227,standing,5,20,11.577540106951872,95.0,83.42245989304813
1228,standing,5,15,8.335317460317455,90.875,82.53968253968254
1229,standing,5,35,5.585317460317441,88.125,82.53968253968256
1230,standing,5,15,3.661764705882348,86.25,82.58823529411765
1231,standing,5,15,2.7975687103594,85.25,82.4524312896406
1232,standing,5,20,2.51973684210526,84.625,82.10526315789474
1233,standing,5,15,2.8126443418013736,83.875,81.06235565819863
1234,standing,5,15,1.7452978056426218,83.25,81.50470219435738
1235,standing,5,15,1.7095473465140572,82.875,81.16545265348594
1236,standing,5,25,1.571856287425149,82.5,84.07185628742515
1237,standing,5,35,1.392394822006466,82.75,84.14239482200647
1238,standing,5,25,1.1447368421052744,83.25,82.10526315789473
1239,standing,5,15,1.75,83.0,81.25
1240,standing,5,15,3.2483012457531117,82.75,79.50169875424689
1241,standing,5,15,0.5270663562281896,82.25,81.72293364377181
1242,standing,5,15,0.33037578288100633,81.75,81.419624217119
1243,standing,5,20,0.9631592554291473,81.625,80.66184074457085
1244,standing,5,30,1.087628865979383,81.5,80.41237113402062
1245,standing,5,40,0.443181818181813,81.375,81.81818181818181
1246,standing,5,25,1.0605123674911567,81.625,82.68551236749116
1247,standing,5,35,2.315553745928341,82.375,84.69055374592834
1248,standing,5,15,2.163270377733596,83.125,85.2882703777336
1249,standing,5,25,2.193965517241395,83.875,86.0689655172414
1250,standing,5,30,3.9209844559585605,84.75,80.82901554404144
1251,standing,5,35,2.5040322580645125,86.375,83.87096774193549
1252,standing,5,30,3.783968850698173,88.375,92.15896885069817
1253,standing,5,30,0.4407894736842337,89.875,90.31578947368423
1254,standing,5,20,1.8636363636363598,90.5,88.63636363636364
1255,standing,5,15,1.2458506224066497,90.25,89.00414937759335
1256,standing,5,40,0.4027777777777857,89.875,90.27777777777779
1257,standing,5,30,0.05571593533485952,90.125,90.06928406466514
1258,standing,5,40,1.7922077922078046,90.42857142857144,88.63636363636364
1259,standing,5,15,3.5570925553319768,89.875,86.31790744466802
1260,standing,5,15,2.7304216867469933,88.875,86.144578313253
1261,standing,5,15,1.8121546961325947,88.0,86.1878453038674
1262,standing,5,40,0.7468123861566482,87.77777777777777,88.52459016393442
1263,standing,5,30,0.411117381489845,87.625,88.03611738148985
1264,standing,5,35,0.5245901639344197,88.0,88.52459016393442
1265,standing,5,35,0.9365671641791096,88.25,87.31343283582089
1266,standing,5,15,1.3045227524972205,87.875,86.57047724750278
1267,standing,5,15,0.4741620111731777,87.625,87.15083798882682
1268,standing,5,35,1.426751592356709,88.0,89.42675159235671
1269,standing,5,25,3.264705882352928,88.5,91.76470588235293
1270,standing,5,15,3.227091633466131,90.0,93.22709163346613
1271,standing,5,15,1.727091633466145,91.5,93.22709163346615
1272,standing,5,35,0.26157957244654995,92.375,92.63657957244655
1273,standing,5,25,1.513785790031804,92.5,90.9862142099682
1274,standing,5,15,0.5833333333333286,92.25,91.66666666666667
1275,standing,5,15,0.11693548387096087,92.375,92.25806451612904
1276,standing,5,25,0.9311632870864344,92.5,91.56883671291357
1277,standing,5,20,1.90250965250965,92.25,90.34749034749035
1278,standing,5,20,5.575887392900839,91.5,85.92411260709916
1279,standing,5,15,4.348684210526329,89.875,85.52631578947367
1280,standing,5,15,2.3121546961325947,88.5,86.1878453038674
1281,standing,5,25,0.1359673790776128,87.875,87.73903262092239
1282,standing,5,15,1.721916299559453,87.625,85.90308370044055
1283,standing,5,35,2.3282710280373777,87.375,85.04672897196262
1284,standing,5,15,4.047568710359414,86.5,82.45243128964059
1285,standing,5,15,2.2916666666666714,85.625,83.33333333333333
1286,standing,5,15,0.2141684901531704,85.125,85.33916849015317
1287,standing,5,35,1.421463245492376,85.125,86.54646324549238
1288,standing,5,25,0.6878453038674195,85.5,86.18784530386742
1289,standing,5,35,0.4718634686346803,85.875,86.34686346863468
1290,standing,5,35,2.699491740787792,86.5,89.19949174078779
1291,standing,5,40,2.7777777777777715,87.5,90.27777777777777
1292,standing,5,15,2.748801916932905,88.625,91.3738019169329
1293,standing,5,25,1.5545961742826933,89.625,91.1795961742827
1294,standing,5,15,0.7765957446808329,90.5,91.27659574468083
1295,standing,5,25,1.0600858369098773,91.0,92.06008583690988
1296,standing,5,15,0.3785046728971935,91.5,91.1214953271028
1297,standing,5,15,1.5935204616999101,91.625,90.03147953830009
1298,standing,5,25,1.5010460251045998,91.25,89.7489539748954
1299,standing,5,40,0.22807017543858876,91.0,91.22807017543859
1300,standing,5,35,0.36761297798378223,90.75,90.38238702201622
1301,standing,5,20,0.40417981072555165,90.625,90.22082018927445
1302,standing,5,15,0.05232558139533694,90.75,90.69767441860466
1303,standing,5,15,0.12149532710279232,91.0,91.12149532710279
1304,standing,5,15,0.08280254777068308,91.0,91.08280254777068
1305,standing,5,20,1.312893081761004,91.25,89.937106918239
1306,standing,5,25,1.9680020811654657,91.25,89.28199791883453
1307,standing,5,30,0.5291798107255516,90.75,90.22082018927445
1308,standing,5,15,0.8760460251045998,90.625,89.7489539748954
1309,TP_standing_to_rest-3,5,15,3.107142857142847,89.75,92.85714285714285
1310,rest-3,5,20,0.5019146608314884,94.375,93.87308533916851
1311,rest-3,5,15,0.11056105610559541,94.5,94.3894389438944
1312,rest-3,5,30,1.0246338215712427,94.5,93.47536617842876
1313,rest-3,5,30,2.0833333333333144,93.75,91.66666666666669
1314,rest-3,5,40,1.9151053864168546,93.25,91.33489461358315
1315,rest-3,5,40,4.289779161947891,92.625,88.33522083805211
1316,rest-3,5,35,2.051435406698559,91.25,93.30143540669856
1317,rest-3,5,15,12.437224669603523,89.75,77.31277533039648
1318,rest-3,5,40,11.939655172413794,87.25,75.3103448275862
1319,rest-3,5,15,8.275974025974023,84.25,75.97402597402598
1320,rest-3,5,35,4.443181818181813,82.0,77.55681818181819
1321,rest-3,5,15,2.6632369299221352,80.75,78.08676307007786
1322,rest-3,5,30,0.6779661016949063,80.0,79.3220338983051
1323,rest-3,5,35,0.9688581314878775,80.0,80.96885813148788
1324,rest-3,5,15,1.3779069767441854,80.25,81.62790697674419
1325,rest-3,5,25,0.6022727272727337,80.375,79.77272727272727
1326,rest-3,5,20,2.888059701492537,80.5,77.61194029850746
1327,rest-3,5,35,3.087962962962962,80.125,77.03703703703704
1328,rest-3,5,15,1.4512806236080138,79.625,78.17371937639199
1329,rest-3,5,15,0.7459677419354875,79.375,78.62903225806451
1330,rest-3,5,15,0.4321793416572035,79.25,79.6821793416572
1331,rest-3,5,25,0.36956521739131176,79.5,79.13043478260869
1332,rest-3,5,35,2.0806451612903203,79.5,77.41935483870968
1333,rest-3,5,15,2.953125,79.125,76.171875
1334,rest-3,5,15,4.292811839323463,78.5,74.20718816067654
1335,rest-3,5,40,3.1088516746411443,77.75,74.64114832535886
1336,rest-3,5,25,2.30485611510791,77.125,74.82014388489209
1337,rest-3,5,25,2.603647686832744,76.625,74.02135231316726
1338,rest-3,5,15,1.9961721224920836,76.125,74.12882787750792
1339,rest-3,5,20,0.7849147121535225,75.625,74.84008528784648
1340,rest-3,5,15,0.970588235294116,75.5,76.47058823529412
1341,rest-3,5,25,1.5178571428571388,75.625,77.14285714285714
1342,rest-3,5,15,0.5125545851528415,76.125,76.63755458515284
1343,rest-3,5,30,0.4625912408759234,76.375,75.91240875912408
1344,rest-3,5,15,0.1789803707742692,76.375,76.55398037077427
1345,rest-3,5,40,1.918601003764124,76.375,78.29360100376412
1346,rest-3,5,20,3.204441913439638,76.75,79.95444191343964
1347,rest-3,5,35,2.636986301369859,77.5,80.13698630136986
1348,rest-3,5,25,1.654411764705884,78.125,76.47058823529412
1349,rest-3,5,15,2.9281115879828263,78.25,75.32188841201717
1350,rest-3,5,15,3.352707006369428,77.875,74.52229299363057
1351,rest-3,5,20,0.5277093596059075,77.375,76.84729064039409
1352,rest-3,5,15,0.7785016286645003,77.0,76.2214983713355
1353,rest-3,5,25,0.529411764705884,77.0,76.47058823529412
1354,rest-3,5,35,1.8749999999999858,76.875,75.00000000000001
1355,rest-3,5,20,2.6538461538461604,76.5,73.84615384615384
1356,rest-3,5,15,1.7928118393234627,76.0,74.20718816067654
1357,rest-3,5,15,0.5543478260869676,75.75,76.30434782608697
1358,rest-3,5,20,0.8875545851528415,75.75,76.63755458515284
1359,rest-3,5,15,0.2718446601941764,76.0,75.72815533980582
1360,rest-3,5,25,0.7313278008298738,76.25,75.51867219917013
1361,rest-3,5,20,0.6411290322580641,76.125,75.48387096774194
1362,rest-3,5,20,0.9331778265642185,76.125,77.05817782656422
1363,rest-3,5,40,1.9237193763919862,76.25,78.17371937639199
1364,rest-3,5,15,1.2970779220779178,76.625,77.92207792207792
1365,rest-3,5,30,0.22772277227723237,77.0,77.22772277227723
1366,rest-3,5,25,0.4048672566371607,77.25,77.65486725663716
1367,TP_rest-3_to_walking,5,30,1.7374454148471585,78.375,76.63755458515284
1368,TP_rest-3_to_walking,5,35,5.464285714285708,80.25,85.71428571428571
1369,TP_rest-3_to_walking,5,30,5.267857142857139,83.875,89.14285714285714
1370,TP_rest-3_to_walking,5,35,0.7195121951219505,89.5,88.78048780487805
1371,TP_rest-3_to_walking,5,35,3.6681034482758577,96.125,92.45689655172414
1372,TP_rest-3_to_walking,5,25,1.6784243048403908,102.75,104.42842430484039
1373,TP_rest-3_to_walking,5,25,4.143374164810666,108.375,104.23162583518933
1374,TP_rest-3_to_walking,5,15,3.0127795527156707,111.0,107.98722044728433
1375,TP_rest-3_to_walking,5,35,7.941593886462883,110.125,102.18340611353712
1376,TP_rest-3_to_walking,5,15,13.012649619151262,106.375,93.36235038084874
1377,TP_rest-3_to_walking,5,25,11.46982758620689,101.125,89.65517241379311
1378,TP_rest-3_to_walking,5,15,6.9029209621993175,96.25,89.34707903780068
1379,TP_rest-3_to_walking,5,40,1.8257042253520979,93.375,91.5492957746479
1380,TP_rest-3_to_walking,5,40,1.2624549819928035,92.375,93.6374549819928
1381,TP_rest-3_to_walking,5,40,4.378277153558045,93.0,97.37827715355805
1382,TP_rest-3_to_walking,5,20,1.2355610561056096,95.625,94.38943894389439
1383,TP_rest-3_to_walking,5,40,0.2682764140875378,99.625,99.89327641408754
1384,TP_rest-3_to_walking,5,35,0.7101769911504192,104.25,103.53982300884958
1385,TP_rest-3_to_walking,5,20,3.48491155046824,109.0,105.51508844953176
1386,TP_rest-3_to_walking,5,35,1.1696428571428612,112.0,113.16964285714286
1387,TP_rest-3_to_walking,5,15,1.7983706720977466,113.0,111.20162932790225
1388,TP_rest-3_to_walking,5,25,3.904709228824288,112.375,108.47029077117571
1389,walking,5,15,1.7646070320579383,106.625,104.86039296794206
1390,walking,5,15,0.043887147335425425,106.0,105.95611285266457
1391,walking,5,30,2.3153104925053754,106.25,108.56531049250538
1392,walking,5,20,4.2916204217536205,108.25,112.54162042175362
1393,walking,5,30,3.9085051546391867,111.125,107.21649484536081
1394,walking,5,30,3.5493527508090637,114.25,117.79935275080906
1395,walking,5,15,1.6917752442996772,116.875,118.56677524429968
1396,walking,5,30,0.44565217391304657,118.25,118.69565217391305
1397,walking,5,15,0.17934782608695343,118.875,118.69565217391305
1398,walking,5,25,0.3754396248534704,119.25,118.87456037514653
1399,walking,5,15,0.15016411378555006,119.625,119.47483588621445
1400,walking,5,25,0.5960634547591042,119.75,119.1539365452409
1401,walking,5,15,1.0618221258134355,119.5,118.43817787418656
1402,walking,5,40,2.3335561497326154,119.125,116.79144385026738
1403,walking,5,30,2.5102505694760566,118.0,115.48974943052394
1404,walking,5,30,3.3271812080537018,116.75,113.4228187919463
1405,walking,5,25,3.943743139407232,115.25,111.30625686059277
1406,walking,5,25,4.267964071856298,113.25,108.9820359281437
1407,walking,5,15,4.612394957983199,111.125,106.5126050420168
1408,walking,5,20,2.7106918238993813,109.0,106.28930817610062
1409,walking,5,15,1.4741605456453328,107.875,106.40083945435467
1410,walking,5,35,0.20847750865054593,107.75,107.95847750865055
1411,walking,5,35,1.8423913043478422,108.375,110.21739130434784
1412,walking,5,40,2.461380020597332,110.0,112.46138002059733
1413,walking,5,15,2.9607870894677433,111.875,114.83578708946774
1414,walking,5,20,1.6020029673590557,114.125,115.72700296735906
1415,walking,5,20,0.9171558164354536,115.625,116.54215581643545
1416,walking,5,15,0.04215581643545363,116.5,116.54215581643545
1417,walking,5,15,1.1993637327677646,117.0,115.80063626723224
1418,walking,5,15,0.9265658747300307,117.0,117.92656587473003
1419,walking,5,35,0.9995603751465296,117.875,118.87456037514653
1420,walking,5,20,0.26408450704226993,118.75,119.01408450704227
1421,walking,5,20,2.8243637327677362,118.625,115.80063626723226
1422,walking,5,25,4.057808716707015,117.375,113.31719128329298
1423,walking,5,40,4.742325855962207,115.25,110.5076741440378
1424,walking,5,25,3.496760259179254,113.0,109.50323974082075
1425,walking,5,20,1.3082744702320497,111.5,110.19172552976795
1426,walking,5,20,0.30532786885243013,111.125,110.81967213114757
1427,walking,5,20,0.03649542217698354,111.125,111.08850457782302
1428,walking,5,15,0.4994929006085016,111.25,110.7505070993915
1429,walking,5,25,1.132352941176464,111.25,110.11764705882354
1430,walking,5,15,1.0097402597402407,110.75,109.74025974025976
1431,walking,5,20,0.9561623246492985,110.375,109.4188376753507
1432,walking,5,40,0.732758620689637,110.0,109.26724137931036
1433,walking,5,15,0.3648867313915929,109.75,109.38511326860841
1434,walking,5,15,0.11144578313249554,109.75,109.6385542168675
1435,walking,5,15,0.3373231773667129,110.0,110.33732317736671
1436,walking,5,15,0.44467213114755566,110.375,110.81967213114756
1437,walking,5,15,0.3354398382204238,110.75,110.41456016177958
1438,walking,5,15,1.2467602591792826,110.75,109.50323974082072
1439,walking,5,30,1.107758620689637,110.375,109.26724137931036
1440,walking,5,40,1.559689507494653,110.125,108.56531049250535
1441,walking,5,35,0.7244764397905499,109.625,108.90052356020945
1442,walking,5,30,2.821989528795825,109.0,106.17801047120417
1443,walking,5,35,3.01460703205791,107.875,104.86039296794209
1444,walking,5,25,1.7646070320579383,106.625,104.86039296794206
1445,TP_walking_to_rest-4,5,30,3.9298659384309786,104.625,100.69513406156902
1446,TP_walking_to_rest-4,5,20,2.8382196162046824,102.625,99.78678038379532
1447,TP_walking_to_rest-4,5,20,1.25,101.25,100.0
1448,TP_walking_to_rest-4,5,30,0.12849838536060076,100.625,100.7534983853606
1449,TP_walking_to_rest-4,5,15,1.4200819672130933,100.875,102.2950819672131
1450,rest-4,5,25,1.6917255297679503,108.5,110.19172552976795
1451,rest-4,5,15,0.44704433497537366,109.71428571428572,109.26724137931035
1452,rest-4,5,35,0.7056451612903203,109.375,110.08064516129032
1453,rest-4,5,35,6.854838709677409,107.5,100.64516129032259
1454,rest-4,5,25,11.113420427553436,103.75,92.63657957244656
1455,rest-4,5,40,12.137328339575518,99.77777777777776,87.64044943820224
1456,rest-4,5,15,10.219119226638014,94.0,83.78088077336199
1457,rest-4,5,15,2.7789753639417683,90.125,87.34602463605823
1458,rest-4,5,15,0.2857142857142918,88.28571428571429,88.0
1459,rest-4,5,15,0.5551432958034894,88.375,87.81985670419651
1460,rest-4,5,20,0.9069979188345485,88.375,89.28199791883455
1461,rest-4,5,40,2.573957016434889,88.85714285714286,86.28318584070797
1462,rest-4,5,35,1.3060538116591829,88.75,87.44394618834082
1463,rest-4,5,40,8.489130434782595,86.75,78.2608695652174
1464,rest-4,5,30,10.765736342042757,84.875,74.10926365795724
1465,rest-4,5,20,11.277906081601216,83.33333333333333,72.05542725173211
1466,rest-4,5,30,8.95212999560826,80.88888888888889,71.93675889328063
1467,rest-4,5,35,7.733870967741936,78.5,70.76612903225806
1468,rest-4,5,40,6.086748633879779,77.125,71.03825136612022
1469,rest-4,5,35,3.4027777777777857,75.625,72.22222222222221
1470,rest-4,5,25,1.1509924385633354,74.875,73.72400756143666
1471,rest-4,5,15,0.6605995717344797,74.5,75.16059957173448
1472,rest-4,5,15,3.6882530120482073,74.625,78.31325301204821
1473,rest-4,5,25,4.830655526992288,75.375,80.20565552699229
1474,rest-4,5,40,6.13562386980108,76.14285714285714,82.27848101265822
1475,rest-4,5,35,2.5785123966942223,78.0,80.57851239669422
1476,rest-4,5,30,0.11251580278127449,79.0,78.88748419721873
1477,rest-4,5,15,2.357142857142861,79.5,77.14285714285714
1478,rest-4,5,15,2.5009107468123943,79.22222222222223,76.72131147540983
1479,rest-4,5,20,1.341614906832305,78.85714285714286,77.51552795031056
1480,rest-4,5,15,2.608108108108098,78.5,75.8918918918919
1481,rest-4,5,15,5.18786464410735,78.0,72.81213535589265
1482,rest-4,5,15,7.373180291153417,77.25,69.87681970884658
1483,rest-4,5,20,0.3879781420765198,76.33333333333333,76.72131147540985
1484,rest-4,5,25,3.9124621594349236,74.75,70.83753784056508
1485,rest-4,5,20,1.5392620624408835,73.85714285714286,72.31788079470198
1486,rest-4,5,15,0.7293388429752099,73.25,72.52066115702479
1487,rest-4,5,15,0.027027027027017425,73.0,72.97297297297298
1488,rest-4,5,20,0.017543859649109095,73.0,72.98245614035089
1489,rest-4,5,15,1.4903766678474284,73.11111111111111,74.60148777895854
1490,rest-4,5,15,3.473684210526315,73.5,76.97368421052632
1491,rest-4,5,25,4.098214285714278,74.25,78.34821428571428
1492,rest-4,5,20,5.597014925373131,75.0,80.59701492537313
1493,rest-4,5,15,3.6288860103626916,76.375,72.74611398963731
1494,rest-4,5,40,2.912371134020603,77.5,80.4123711340206
1495,rest-4,5,30,1.5227272727272663,78.25,79.77272727272727
1496,rest-4,5,15,0.6797352342158831,78.75,79.42973523421588
1497,rest-4,5,40,0.9132369299221352,79.0,78.08676307007786
1498,rest-4,5,15,1.1341362126245826,78.875,77.74086378737542
1499,rest-4,5,35,0.7969219219219212,78.875,78.07807807807808
1500,rest-4,5,15,0.35750564334085766,78.875,79.23250564334086
1501,rest-4,5,15,3.925355450236964,79.25,83.17535545023696
1502,rest-4,5,25,3.711248654467184,80.25,83.96124865446718
1503,rest-4,5,15,3.1655844155844193,81.25,84.41558441558442
1504,rest-4,5,20,0.6864849187934965,82.125,81.4385150812065
1505,rest-4,5,15,3.462121212121218,82.25,78.78787878787878
1506,TP_rest-4_to_jogging,5,25,3.3206521739130324,79.625,76.30434782608697
1507,TP_rest-4_to_jogging,5,25,0.15298507462686928,80.75,80.59701492537313
1508,TP_rest-4_to_jogging,5,30,4.926886792452834,83.375,88.30188679245283
1509,TP_rest-4_to_jogging,5,40,4.932692307692292,87.375,92.30769230769229
1510,TP_rest-4_to_jogging,5,25,3.8223278520041077,92.375,96.19732785200411
1511,TP_rest-4_to_jogging,5,25,0.6444475760991963,97.375,96.7305524239008
1512,TP_rest-4_to_jogging,5,25,3.264344262295083,101.625,98.36065573770492
1513,TP_rest-4_to_jogging,5,20,0.8381608548931325,106.125,105.28683914510687
1514,TP_rest-4_to_jogging,5,40,0.41739019407557976,111.125,111.54239019407558
1515,TP_rest-4_to_jogging,5,30,2.000000000000014,115.75,113.74999999999999
1516,TP_rest-4_to_jogging,5,40,2.3641304347826093,119.375,121.73913043478261
1517,TP_rest-4_to_jogging,5,40,0.39183551847438025,121.25,120.85816448152562
1518,TP_rest-4_to_jogging,5,15,0.5070532915360388,121.75,122.25705329153604
1519,TP_rest-4_to_jogging,5,25,1.3036469344608719,122.375,123.67864693446087
1520,TP_rest-4_to_jogging,5,15,1.2180851063829579,123.25,124.46808510638296
1521,TP_rest-4_to_jogging,5,25,0.15191387559806913,124.25,124.40191387559807
1522,jogging,5,25,1.75,128.25,130.0
1523,jogging,5,20,2.3909574468084998,130.375,132.7659574468085
1524,jogging,5,15,5.657874617737008,132.875,127.21712538226299
1525,jogging,5,15,2.142080745341616,135.125,137.26708074534162
1526,jogging,5,15,2.24841772151899,137.625,139.873417721519
1527,jogging,5,15,1.818181818181813,140.0,141.8181818181818
1528,jogging,5,15,1.70522006141249,142.0,143.7052200614125
1529,jogging,5,30,1.0166408668730753,143.875,144.89164086687308
1530,jogging,5,40,0.3416149068322909,145.0,145.3416149068323
1531,jogging,5,30,0.045454545454532536,145.5,145.45454545454547
1532,jogging,5,35,0.6772648083623665,145.625,144.94773519163763
1533,jogging,5,15,0.5836776859503914,145.625,145.0413223140496
1534,jogging,5,35,0.1607142857142776,145.875,145.71428571428572
1535,jogging,5,15,0.7590694006308922,146.875,147.6340694006309
1536,jogging,5,40,0.7289426523297493,148.375,149.10394265232975
1537,jogging,5,15,1.130247578040894,150.0,151.1302475780409
1538,jogging,5,30,0.6126760563379889,151.5,152.112676056338
1539,jogging,5,15,0.28350515463912984,152.5,152.78350515463913
1540,jogging,5,15,0.30882352941176805,153.25,152.94117647058823
1541,jogging,5,15,0.5258264462810018,153.625,153.099173553719
1542,jogging,5,20,0.5573770491803032,154.0,153.4426229508197
1543,jogging,5,40,0.089025026068839,154.625,154.53597497393116
1544,jogging,5,40,0.5,155.5,156.0
1545,jogging,5,15,1.0900101419878183,157.125,158.21501014198782
1546,jogging,5,40,1.1489726027397182,159.125,160.27397260273972
1547,jogging,5,15,0.7830310880828506,160.875,161.65803108808285
1548,jogging,5,40,0.07201533406350791,162.25,162.3220153340635
1549,jogging,5,15,0.10078534031410413,163.25,163.3507853403141
1550,jogging,5,40,0.08714511041011974,164.125,164.03785488958988
1551,jogging,5,15,0.4294803817603281,165.0,165.42948038176033
1552,jogging,5,15,0.2944162436547799,166.0,166.29441624365478
1553,jogging,5,15,0.3136993603411895,166.625,166.3113006396588
1554,jogging,5,15,8.570288753799389,166.625,158.0547112462006
1555,jogging,5,15,0.7189160467588067,166.5,165.7810839532412
1556,jogging,5,25,0.7884078212290717,166.375,165.58659217877093
1557,jogging,5,15,0.1886993603411895,166.5,166.3113006396588
1558,jogging,5,15,0.19755600814670515,167.0,166.8024439918533
1559,jogging,5,15,0.11802575107302005,167.5,167.38197424892698
1560,jogging,5,20,0.31323845327611366,167.875,167.5617615467239
1561,jogging,5,15,0.5153374233129284,168.0,167.48466257668707
1562,jogging,5,20,0.29713114754105163,168.125,167.82786885245895
1563,jogging,5,15,0.215210355987125,168.5,168.28478964401287
1564,jogging,5,15,0.1688311688312183,169.0,168.83116883116878
1565,jogging,5,15,0.4359605911330675,169.5,169.06403940886693
1566,jogging,5,15,0.6601239669421943,169.875,169.2148760330578
1567,jogging,5,20,0.6101344364012675,170.0,169.38986556359873
1568,jogging,5,20,0.6021717670286932,170.0,169.3978282329713
1569,jogging,5,20,0.5597826086956843,170.125,169.56521739130432
1570,jogging,5,15,8.80131851085838,170.125,161.32368148914162
1571,jogging,5,15,0.5597826086956559,170.125,169.56521739130434
1572,jogging,5,15,0.7351344364012959,170.125,169.3898655635987
1573,jogging,5,20,0.8601344364012959,170.25,169.3898655635987
1574,jogging,5,20,0.8521717670286932,170.25,169.3978282329713
1575,jogging,5,15,1.0351239669421943,170.25,169.2148760330578
1576,jogging,5,20,0.9859154929577869,170.0,169.0140845070422
1577,jogging,5,40,0.8079299691040944,169.5,168.6920700308959
1578,jogging,5,35,9.110389610389632,169.5,160.38961038961037
1579,TP_jogging_to_rest-5,5,35,0.82191780821924,170.0,169.17808219178076
1580,TP_jogging_to_rest-5,5,35,9.256172839506235,169.75,160.49382716049377
1581,TP_jogging_to_rest-5,5,40,1.1465517241379644,169.25,168.10344827586204
1582,TP_jogging_to_rest-5,5,35,1.7612059765208414,168.25,166.48879402347916
1583,TP_jogging_to_rest-5,5,30,2.575000000000017,166.375,163.79999999999998
1584,TP_jogging_to_rest-5,5,30,2.9130434782608745,164.0,161.08695652173913
1585,rest-5,5,35,2.891065830721004,157.75,154.858934169279
1586,rest-5,5,20,1.575779036827214,156.25,154.6742209631728
1587,rest-5,5,40,1.3905601659751028,155.125,153.7344398340249
1588,rest-5,5,35,0.6959459459459367,154.75,154.05405405405406
1589,rest-5,5,25,0.7655601659751028,154.5,153.7344398340249
1590,rest-5,5,30,3.1796636085626915,154.25,151.0703363914373
1591,rest-5,5,35,5.002780867630719,152.5,147.49721913236928
1592,rest-5,5,15,5.227156057494852,149.375,144.14784394250515
1593,rest-5,5,15,4.034246575342479,146.5,142.46575342465752
1594,rest-5,5,30,3.6826599326599307,143.75,140.06734006734007
1595,rest-5,5,40,3.5994475138121516,141.5,137.90055248618785
1596,rest-5,5,30,4.230026631158466,139.25,135.01997336884153
1597,rest-5,5,30,2.666666666666657,136.0,133.33333333333334
1598,rest-5,5,15,4.340206185567013,133.0,128.659793814433
1599,rest-5,5,15,3.989436619718333,130.75,126.76056338028167
1600,rest-5,5,15,3.4913101604278154,128.625,125.13368983957218
1601,rest-5,5,15,3.3269535374868155,126.875,123.54804646251318
1602,rest-5,5,15,4.444767441860478,125.375,120.93023255813952
1603,rest-5,5,35,1.0784753363228958,123.5,122.4215246636771
1604,rest-5,5,40,0.5784753363228816,123.0,122.42152466367712
1605,rest-5,5,35,0.12821888412018723,122.875,122.74678111587981
1606,rest-5,5,35,0.09797297297296836,122.875,122.97297297297297
1607,rest-5,5,35,1.6519292604501459,123.75,125.40192926045015
1608,rest-5,5,35,1.575507614213194,125.125,126.7005076142132
1609,rest-5,5,25,0.6480477223427243,126.25,126.89804772234272
1610,rest-5,5,15,1.950000000000017,126.75,124.79999999999998
1611,rest-5,5,30,4.656701890989993,126.125,121.46829810901001
1612,rest-5,5,30,4.245649948822901,124.0,119.7543500511771
1613,rest-5,5,15,3.5789473684210407,122.0,118.42105263157896
1614,rest-5,5,20,0.9902962206333115,120.5,119.50970377936669
1615,rest-5,5,15,0.7860262008733514,120.0,119.21397379912665
1616,rest-5,5,20,1.1986855409504358,119.5,118.30131445904956
1617,rest-5,5,20,0.1707516339869244,119.125,118.95424836601308
1618,rest-5,5,35,0.8001904243743212,119.625,118.82480957562568
1619,rest-5,5,30,0.8896370023419138,119.625,118.73536299765809
1620,rest-5,5,40,1.217213114754074,119.25,118.03278688524593
1621,rest-5,5,15,1.1874369323915204,119.25,118.06256306760848
1622,rest-5,5,15,1.1203703703703525,119.25,120.37037037037035
1623,rest-5,5,20,0.12320328542092795,120.0,120.12320328542093
1624,rest-5,5,25,0.6507782101167265,120.75,121.40077821011673
1625,rest-5,5,15,7.385010266940469,119.5,112.11498973305953
1626,rest-5,5,20,6.236702127659569,116.875,110.63829787234043
1627,rest-5,5,15,1.1043613707165036,114.5,113.3956386292835
1628,rest-5,5,20,2.1717587672688694,113.875,116.04675876726887
1629,rest-5,5,15,1.5414438502673846,115.25,116.79144385026738
1630,rest-5,5,25,0.697033898305051,116.375,115.67796610169495
1631,rest-5,5,15,3.221991701244818,116.5,113.27800829875518
1632,rest-5,5,15,1.6249999999999574,115.375,113.75000000000004
1633,rest-5,5,35,1.0454545454545325,114.5,113.45454545454547
1634,rest-5,5,35,2.2058011049723802,114.25,112.04419889502762
1635,rest-5,5,15,6.946989528795825,113.125,106.17801047120417
1636,rest-5,5,35,8.728596908442327,110.75,102.02140309155767
1637,rest-5,5,15,10.82870370370371,107.125,96.29629629629629
1638,rest-5,5,20,6.776437371663249,102.875,96.09856262833675
1639,rest-5,5,30,5.48556105610561,99.875,94.38943894389439
1640,rest-5,5,20,0.2556390977443783,98.0,97.74436090225562
1641,TP_rest-5_to_running,5,15,1.5777027027026946,98.875,97.2972972972973
1642,TP_rest-5_to_running,5,40,1.310810810810807,102.5,101.1891891891892
1643,TP_rest-5_to_running,5,30,0.4999999999999858,106.125,105.62500000000001
1644,TP_rest-5_to_running,5,30,7.9265658747300165,110.0,117.92656587473002
1645,TP_rest-5_to_running,5,20,0.7625260960334117,114.75,113.98747390396659
1646,TP_rest-5_to_running,5,20,1.0789473684210833,119.5,118.42105263157892
1647,TP_rest-5_to_running,5,15,5.389072847682087,123.75,129.1390728476821
1648,TP_rest-5_to_running,5,20,3.929841897233203,127.25,123.3201581027668
1649,TP_rest-5_to_running,5,30,2.155298759864678,129.75,131.90529875986468
1650,TP_rest-5_to_running,5,25,1.6910352187833269,131.5,133.19103521878333
1651,TP_rest-5_to_running,5,20,4.81970362239295,133.25,128.43029637760705
1652,TP_rest-5_to_running,5,25,3.3590425531915002,136.125,132.7659574468085
1653,TP_rest-5_to_running,5,25,2.8748707342295745,140.0,137.12512926577043
1654,TP_rest-5_to_running,5,15,3.568637274549104,144.25,140.6813627254509
1655,TP_rest-5_to_running,5,30,2.180170575692955,147.5,149.68017057569296
1656,TP_rest-5_to_running,5,20,0.05028735632183157,149.375,149.42528735632183
1657,TP_rest-5_to_running,5,25,1.0804140127388564,150.125,149.04458598726114
1658,TP_rest-5_to_running,5,15,0.45408678102927524,150.0,149.54591321897072
1659,TP_rest-5_to_running,5,15,0.125,150.125,150.0
1660,TP_rest-5_to_running,5,35,0.30558539205156876,150.5,150.80558539205157
1661,running,5,40,5.640560165975103,159.375,153.7344398340249
1662,running,5,35,5.755807814149989,162.25,156.49419218585
1663,running,5,35,2.5310900716478386,165.125,167.65609007164784
1664,running,5,25,1.447396963123623,167.75,169.19739696312362
1665,running,5,25,7.499999999999943,170.0,162.50000000000006
1666,running,5,25,15.54588607594934,171.875,156.32911392405066
1667,running,5,30,8.494240348692387,173.625,165.1307596513076
1668,running,5,30,7.327502691065632,175.25,167.92249730893437
1669,running,5,35,0.3977272727273089,176.875,177.2727272727273
1670,running,5,20,8.434782608695599,178.0,169.5652173913044
1671,running,5,35,9.378571428571405,178.75,169.3714285714286
1672,running,5,30,16.70555265901976,179.375,162.66944734098024
1673,running,5,30,15.949999999999989,179.75,163.8
1674,running,5,30,8.306112224448867,180.25,171.94388777555113
1675,running,5,40,8.460843373493958,180.75,172.28915662650604
1676,running,5,15,16.211267605633793,181.0,164.7887323943662
1677,running,5,40,17.79884105960261,181.375,163.5761589403974
1678,running,5,35,8.8401898734177,181.625,172.7848101265823
1679,running,5,35,0.4796511627906739,181.875,181.39534883720933
1680,running,5,35,0.5376984126983757,182.125,181.58730158730162
1681,running,5,35,0.4519977802441417,182.25,181.79800221975586
1682,running,5,35,8.733050847457577,182.25,173.51694915254242
1683,running,5,25,0.4703389830508229,182.25,181.77966101694918
1684,running,5,25,0.5275715800635794,182.5,181.97242841993642
1685,running,5,15,0.4930203045684891,182.625,182.1319796954315
1686,running,5,35,0.2523961661341332,183.0,182.74760383386587
1687,running,5,20,8.219101123595493,183.5,175.2808988764045
1688,running,5,35,8.360286591606922,184.0,175.63971340839308
1689,running,5,40,0.3798283261802169,184.5,184.12017167381978
1690,running,5,20,8.87096774193546,185.0,176.12903225806454
1691,running,5,30,8.467783505154614,185.375,176.9072164948454
1692,running,5,35,8.535216718266213,185.625,177.0897832817338
1693,running,5,30,0.5618250539956477,185.875,185.31317494600435
1694,running,5,30,0.7944214876032731,186.125,185.33057851239673
1695,running,5,15,0.727766287487043,186.25,185.52223371251296
1696,running,5,30,0.7857142857142492,186.5,185.71428571428575
1697,running,5,30,0.843264248704628,186.75,185.90673575129537
1698,running,5,25,0.7578633405639721,186.875,186.11713665943603
1699,running,5,35,0.7071651090342357,187.0,186.29283489096576
1700,running,5,35,8.561004162330875,187.125,178.56399583766913
1701,running,5,35,8.313607924921769,187.25,178.93639207507823
1702,running,5,25,23.863636363636317,187.5,163.63636363636368
1703,running,5,40,8.70808383233532,187.75,179.04191616766468
1704,running,5,25,9.054039301310013,187.875,178.82096069869
1705,running,5,20,25.49999999999997,188.0,162.50000000000003
1706,running,5,35,24.238636363636346,187.875,163.63636363636365
1707,running,5,35,17.755043620501624,187.875,170.11995637949838
1708,running,5,20,25.035751565762013,187.875,162.839248434238
1709,running,5,20,26.032786885245912,188.0,161.9672131147541
1710,running,5,20,16.731675392670155,188.25,171.51832460732984
1711,running,5,20,16.383650952858545,188.5,172.11634904714145
1712,running,5,25,8.875786163522008,188.75,179.874213836478
1713,running,5,40,0.7342964824120486,188.875,188.14070351758795
1714,running,5,30,0.7523609653724748,189.0,188.24763903462753
1715,running,5,15,0.6355653128429708,189.0,188.36443468715703
1716,running,5,30,9.322585071350147,189.125,179.80241492864985
1717,running,5,40,1.0746855345911683,189.125,188.05031446540883
